        0.00      0.00000000E+00
      100.00      1.61807990E+01
      200.00      3.51334348E+01
      300.00      4.36128813E+01
      400.00      7.26547846E+01
      500.00      9.10469837E+01
      600.00      1.10502618E+02
      700.00      1.26334472E+02
      800.00      1.56562787E+02
      900.00      1.46241815E+02
     1000.00      2.07227599E+02
     1100.00      2.06993271E+02
     1200.00      2.04474877E+02
     1300.00      2.82060758E+02
     1400.00      3.07414100E+02
     1500.00      3.28930646E+02
     1600.00      4.26980400E+02
     1700.00      4.70549908E+02
     1800.00      4.77775720E+02
     1900.00      5.78178281E+02
     2000.00      6.69069948E+02
     2100.00      6.69178055E+02
     2200.00      7.37460600E+02
     2300.00      8.34363210E+02
     2400.00      8.32928521E+02
     2500.00      9.81876938E+02
     2600.00      9.82990144E+02
     2700.00      1.03388094E+03
     2800.00      1.23417471E+03
     2900.00      1.33891222E+03
     3000.00      1.34230357E+03
     3100.00      1.51580900E+03
     3200.00      1.67320655E+03
     3300.00      1.73400053E+03
     3400.00      1.81968119E+03
     3500.00      2.06337876E+03
     3600.00      2.04864662E+03
     3700.00      2.18009079E+03
     3800.00      2.38216932E+03
     3900.00      2.44505206E+03
     4000.00      2.68222181E+03
     4100.00      2.78194731E+03
     4200.00      2.84583481E+03
     4300.00      3.14614109E+03
     4400.00      3.38256174E+03
     4500.00      3.55237820E+03
     4600.00      3.66110887E+03
     4700.00      3.87365407E+03
     4800.00      4.04602117E+03
     4900.00      4.26040419E+03
     5000.00      4.59063492E+03
     5100.00      4.64266240E+03
     5200.00      4.78601004E+03
     5300.00      5.12129647E+03
     5400.00      5.28918270E+03
     5500.00      5.71735370E+03
     5600.00      5.86504370E+03
     5700.00      6.14886991E+03
     5800.00      6.39253045E+03
     5900.00      6.74878808E+03
     6000.00      6.93133704E+03
     6100.00      7.30200839E+03
     6200.00      7.62504882E+03
     6300.00      7.92168495E+03
     6400.00      8.08829907E+03
     6500.00      8.57145759E+03
     6600.00      8.73996292E+03
     6700.00      9.07476078E+03
     6800.00      9.57587119E+03
     6900.00      9.79554711E+03
     7000.00      1.04522065E+04
     7100.00      1.06539497E+04
     7200.00      1.10001313E+04
     7300.00      1.12880657E+04
     7400.00      1.18997477E+04
     7500.00      1.23044856E+04
     7600.00      1.27223568E+04
     7700.00      1.30700030E+04
     7800.00      1.35204193E+04
     7900.00      1.38349700E+04
     8000.00      1.44372572E+04
     8100.00      1.48661189E+04
     8200.00      1.52699157E+04
     8300.00      1.60367424E+04
     8400.00      1.63481773E+04
     8500.00      1.69747211E+04
     8600.00      1.74052425E+04
     8700.00      1.81106220E+04
     8800.00      1.83743650E+04
     8900.00      1.90382370E+04
     9000.00      1.94749229E+04
     9100.00      2.04688047E+04
     9200.00      2.06758271E+04
     9300.00      2.13499466E+04
     9400.00      2.17747165E+04
     9500.00      2.27600728E+04
     9600.00      2.33001162E+04
     9700.00      2.39236629E+04
     9800.00      2.44074502E+04
     9900.00      2.51647392E+04
    10000.00      2.60111163E+04
    10100.00      2.67519158E+04
    10200.00      2.73303615E+04
    10300.00      2.80242477E+04
    10400.00      2.86516970E+04
    10500.00      2.92046493E+04
    10600.00      3.04870616E+04
    10700.00      3.07731221E+04
    10800.00      3.18979269E+04
    10900.00      3.25624615E+04
    11000.00      3.36216648E+04
    11100.00      3.40920447E+04
    11200.00      3.51239798E+04
    11300.00      3.57453052E+04
    11400.00      3.68649643E+04
    11500.00      3.73635357E+04
    11600.00      3.88663320E+04
    11700.00      3.92217849E+04
    11800.00      4.04098989E+04
    11900.00      4.12164502E+04
    12000.00      4.16862535E+04
    12100.00      4.35493123E+04
    12200.00      4.41673943E+04
    12300.00      4.52631427E+04
    12400.00      4.59684481E+04
    12500.00      4.70808587E+04
    12600.00      4.81667006E+04
    12700.00      4.93445226E+04
    12800.00      4.99914347E+04
    12900.00      5.15835374E+04
    13000.00      5.22658620E+04
    13100.00      5.37295045E+04
    13200.00      5.44361404E+04
    13300.00      5.58549341E+04
    13400.00      5.70622247E+04
    13500.00      5.77813696E+04
    13600.00      5.94500424E+04
    13700.00      6.04309874E+04
    13800.00      6.19860380E+04
    13900.00      6.29979711E+04
    14000.00      6.41262533E+04
    14100.00      6.54717085E+04
    14200.00      6.68372476E+04
    14300.00      6.79189392E+04
    14400.00      6.93423610E+04
    14500.00      7.02407847E+04
    14600.00      7.21291913E+04
    14700.00      7.36479157E+04
    14800.00      7.49390587E+04
    14900.00      7.64259223E+04
    15000.00      7.71992720E+04
    15100.00      7.89921616E+04
    15200.00      8.07549490E+04
    15300.00      8.19517284E+04
    15400.00      8.36960756E+04
    15500.00      8.49062630E+04
    15600.00      8.61726523E+04
    15700.00      8.79982501E+04
    15800.00      8.92554045E+04
    15900.00      9.13470642E+04
    16000.00      9.28427139E+04
    16100.00      9.46366763E+04
    16200.00      9.61314654E+04
    16300.00      9.75630626E+04
    16400.00      9.96085911E+04
    16500.00      1.00914817E+05
    16600.00      1.02438947E+05
    16700.00      1.04586651E+05
    16800.00      1.06022013E+05
    16900.00      1.08431148E+05
    17000.00      1.09903938E+05
    17100.00      1.10709432E+05
    17200.00      1.13878199E+05
    17300.00      1.15313590E+05
    17400.00      1.17550818E+05
    17500.00      1.18768319E+05
    17600.00      1.20620352E+05
    17700.00      1.23023791E+05
    17800.00      1.24993275E+05
    17900.00      1.26621780E+05
    18000.00      1.28872422E+05
    18100.00      1.30664650E+05
    18200.00      1.32685961E+05
    18300.00      1.34586141E+05
    18400.00      1.37059062E+05
    18500.00      1.39630625E+05
    18600.00      1.40592783E+05
    18700.00      1.43875351E+05
    18800.00      1.44731026E+05
    18900.00      1.48026004E+05
    19000.00      1.49621592E+05
    19100.00      1.51761142E+05
    19200.00      1.54322845E+05
    19300.00      1.56552841E+05
    19400.00      1.59006483E+05
    19500.00      1.61360172E+05
    19600.00      1.63197007E+05
    19700.00      1.65554655E+05
    19800.00      1.68373426E+05
    19900.00      1.70846275E+05
    20000.00      1.73920923E+05
    20100.00      1.74535935E+05
    20200.00      1.77708925E+05
    20300.00      1.80223785E+05
    20400.00      1.83390078E+05
    20500.00      1.85138160E+05
    20600.00      1.88015468E+05
    20700.00      1.90586027E+05
    20800.00      1.93567758E+05
    20900.00      1.95754157E+05
    21000.00      1.99008833E+05
    21100.00      2.01308524E+05
    21200.00      2.04123798E+05
    21300.00      2.06116343E+05
    21400.00      2.08697218E+05
    21500.00      2.12559595E+05
    21600.00      2.14888781E+05
    21700.00      2.17550244E+05
    21800.00      2.20768986E+05
    21900.00      2.23468460E+05
    22000.00      2.26982205E+05
    22100.00      2.29784393E+05
    22200.00      2.31459576E+05
    22300.00      2.35967160E+05
    22400.00      2.37982673E+05
    22500.00      2.41845201E+05
    22600.00      2.44033107E+05
    22700.00      2.46686163E+05
    22800.00      2.50066268E+05
    22900.00      2.53695341E+05
    23000.00      2.56849779E+05
    23100.00      2.60867647E+05
    23200.00      2.63069489E+05
    23300.00      2.66717160E+05
    23400.00      2.69855812E+05
    23500.00      2.73000909E+05
    23600.00      2.76891159E+05
    23700.00      2.78799790E+05
    23800.00      2.83441567E+05
    23900.00      2.85398524E+05
    24000.00      2.89909958E+05
    24100.00      2.93259438E+05
    24200.00      2.96171704E+05
    24300.00      3.00608913E+05
    24400.00      3.03855433E+05
    24500.00      3.07718000E+05
    24600.00      3.11957924E+05
    24700.00      3.14633990E+05
    24800.00      3.17763666E+05
    24900.00      3.22417097E+05
    25000.00      3.25314158E+05
    25100.00      3.29794497E+05
    25200.00      3.31551251E+05
    25300.00      3.36418544E+05
    25400.00      3.40359634E+05
    25500.00      3.44298259E+05
    25600.00      3.49076466E+05
    25700.00      3.52028934E+05
    25800.00      3.57070236E+05
    25900.00      3.60898006E+05
    26000.00      3.63660845E+05
    26100.00      3.68738635E+05
    26200.00      3.72952229E+05
    26300.00      3.76059060E+05
    26400.00      3.80348029E+05
    26500.00      3.82643348E+05
    26600.00      3.88959144E+05
    26700.00      3.92502319E+05
    26800.00      3.96138579E+05
    26900.00      4.01667316E+05
    27000.00      4.05928548E+05
    27100.00      4.11527296E+05
    27200.00      4.14730521E+05
    27300.00      4.18438027E+05
    27400.00      4.24446933E+05
    27500.00      4.26952391E+05
    27600.00      4.32423642E+05
    27700.00      4.36466460E+05
    27800.00      4.39635144E+05
    27900.00      4.45422273E+05
    28000.00      4.49165137E+05
    28100.00      4.54611643E+05
    28200.00      4.60047340E+05
    28300.00      4.63833716E+05
    28400.00      4.69981593E+05
    28500.00      4.74489585E+05
    28600.00      4.78462410E+05
    28700.00      4.84320338E+05
    28800.00      4.87755844E+05
    28900.00      4.94072262E+05
    29000.00      4.97045723E+05
    29100.00      5.01732386E+05
    29200.00      5.07807626E+05
    29300.00      5.12039209E+05
    29400.00      5.17896800E+05
    29500.00      5.22344610E+05
    29600.00      5.28244129E+05
    29700.00      5.34352188E+05
    29800.00      5.38970850E+05
    29900.00      5.43073384E+05
    30000.00      5.50196373E+05
    30100.00      5.54065834E+05
    30200.00      5.61055320E+05
    30300.00      5.63567237E+05
    30400.00      5.70046649E+05
    30500.00      5.75437187E+05
    30600.00      5.79403295E+05
    30700.00      5.86903599E+05
    30800.00      5.91501859E+05
    30900.00      5.98247135E+05
    31000.00      6.03803582E+05
    31100.00      6.08545860E+05
    31200.00      6.14379412E+05
    31300.00      6.21513361E+05
    31400.00      6.25859905E+05
    31500.00      6.33090753E+05
    31600.00      6.35861000E+05
    31700.00      6.43651282E+05
    31800.00      6.48941858E+05
    31900.00      6.54296012E+05
    32000.00      6.61721263E+05
    32100.00      6.66406831E+05
    32200.00      6.72863538E+05
    32300.00      6.79465740E+05
    32400.00      6.85272297E+05
    32500.00      6.91885325E+05
    32600.00      6.96874456E+05
    32700.00      7.03789458E+05
    32800.00      7.10930942E+05
    32900.00      7.15000178E+05
    33000.00      7.22313126E+05
    33100.00      7.28687377E+05
    33200.00      7.34678782E+05
    33300.00      7.42896317E+05
    33400.00      7.47746790E+05
    33500.00      7.55281548E+05
    33600.00      7.61403699E+05
    33700.00      7.65824953E+05
    33800.00      7.74796069E+05
    33900.00      7.80710748E+05
    34000.00      7.88336041E+05
    34100.00      7.94227897E+05
    34200.00      7.99391695E+05
    34300.00      8.07440612E+05
    34400.00      8.14595111E+05
    34500.00      8.22036366E+05
    34600.00      8.29237265E+05
    34700.00      8.34891945E+05
    34800.00      8.43982882E+05
    34900.00      8.50143380E+05
    35000.00      8.54826100E+05
    35100.00      8.64822872E+05
    35200.00      8.69132490E+05
    35300.00      8.78718879E+05
    35400.00      8.84264745E+05
    35500.00      8.91298258E+05
    35600.00      8.99964260E+05
    35700.00      9.04981879E+05
    35800.00      9.14841053E+05
    35900.00      9.21947155E+05
    36000.00      9.30678368E+05
    36100.00      9.37774642E+05
    36200.00      9.44526927E+05
    36300.00      9.51197583E+05
    36400.00      9.61499654E+05
    36500.00      9.66079327E+05
    36600.00      9.76306398E+05
    36700.00      9.80172519E+05
    36800.00      9.89320950E+05
    36900.00      9.97532459E+05
    37000.00      1.00507173E+06
    37100.00      1.01535556E+06
    37200.00      1.02022484E+06
    37300.00      1.03006328E+06
    37400.00      1.03921029E+06
    37500.00      1.04652473E+06
    37600.00      1.05454004E+06
    37700.00      1.06336172E+06
    37800.00      1.07036469E+06
    37900.00      1.08078699E+06
    38000.00      1.08504432E+06
    38100.00      1.09410217E+06
    38200.00      1.10372656E+06
    38300.00      1.11053509E+06
    38400.00      1.12062565E+06
    38500.00      1.12798224E+06
    38600.00      1.13875501E+06
    38700.00      1.14611019E+06
    38800.00      1.15378270E+06
    38900.00      1.16419336E+06
    39000.00      1.17270627E+06
    39100.00      1.18262977E+06
    39200.00      1.19032125E+06
    39300.00      1.19689449E+06
    39400.00      1.20669959E+06
    39500.00      1.21731145E+06
    39600.00      1.22459528E+06
    39700.00      1.23517572E+06
    39800.00      1.24182542E+06
    39900.00      1.25280074E+06
    40000.00      1.26186101E+06
    40100.00      1.26982779E+06
    40200.00      1.28132419E+06
    40300.00      1.28787436E+06
    40400.00      1.29982583E+06
    40500.00      1.30811919E+06
    40600.00      1.31630365E+06
    40700.00      1.32734076E+06
    40800.00      1.33669250E+06
    40900.00      1.34598651E+06
    41000.00      1.35691121E+06
    41100.00      1.36530215E+06
    41200.00      1.37511384E+06
    41300.00      1.38522472E+06
    41400.00      1.39224433E+06
    41500.00      1.40521151E+06
    41600.00      1.41296761E+06
    41700.00      1.42576125E+06
    41800.00      1.43204405E+06
    41900.00      1.44260808E+06
    42000.00      1.45419583E+06
    42100.00      1.46343339E+06
    42200.00      1.47691569E+06
    42300.00      1.48428074E+06
    42400.00      1.49580432E+06
    42500.00      1.50564796E+06
    42600.00      1.51696734E+06
    42700.00      1.52351165E+06
    42800.00      1.53770295E+06
    42900.00      1.54529219E+06
    43000.00      1.55863017E+06
    43100.00      1.56493157E+06
    43200.00      1.57796484E+06
    43300.00      1.58903113E+06
    43400.00      1.59838101E+06
    43500.00      1.61233643E+06
    43600.00      1.62027534E+06
    43700.00      1.63380739E+06
    43800.00      1.64437338E+06
    43900.00      1.65521886E+06
    44000.00      1.66472895E+06
    44100.00      1.67821440E+06
    44200.00      1.68661105E+06
    44300.00      1.69881186E+06
    44400.00      1.70770967E+06
    44500.00      1.71883839E+06
    44600.00      1.73275477E+06
    44700.00      1.74265764E+06
    44800.00      1.75655658E+06
    44900.00      1.76482460E+06
    45000.00      1.77878757E+06
    45100.00      1.78999883E+06
    45200.00      1.80066188E+06
    45300.00      1.81538391E+06
    45400.00      1.82507752E+06
    45500.00      1.83735016E+06
    45600.00      1.84773124E+06
    45700.00      1.85878678E+06
    45800.00      1.87017918E+06
    45900.00      1.88467189E+06
    46000.00      1.89505938E+06
    46100.00      1.90874367E+06
    46200.00      1.91766098E+06
    46300.00      1.93346651E+06
    46400.00      1.94497022E+06
    46500.00      1.95411946E+06
    46600.00      1.97092754E+06
    46700.00      1.98052622E+06
    46800.00      1.99630749E+06
    46900.00      2.00585442E+06
    47000.00      2.01860972E+06
    47100.00      2.03069514E+06
    47200.00      2.04516607E+06
    47300.00      2.05727926E+06
    47400.00      2.06837569E+06
    47500.00      2.08260423E+06
    47600.00      2.09375993E+06
    47700.00      2.10882716E+06
    47800.00      2.11810886E+06
    47900.00      2.13573383E+06
    48000.00      2.14530140E+06
    48100.00      2.16169156E+06
    48200.00      2.17018424E+06
    48300.00      2.18640857E+06
    48400.00      2.20073306E+06
    48500.00      2.21337286E+06
    48600.00      2.22835909E+06
    48700.00      2.23814395E+06
    48800.00      2.25390681E+06
    48900.00      2.26665507E+06
    49000.00      2.28101563E+06
    49100.00      2.29063642E+06
    49200.00      2.30850799E+06
    49300.00      2.31895887E+06
    49400.00      2.33600646E+06
    49500.00      2.34625121E+06
    49600.00      2.36021744E+06
    49700.00      2.37719574E+06
    49800.00      2.38938626E+06
    49900.00      2.40681843E+06
    50000.00      2.41726407E+06
