        0.00      0.00000000E+00
      100.00      2.38273815E+01
      200.00      5.21411221E+01
      300.00      5.94392815E+01
      400.00      9.85938946E+01
      500.00      1.23857582E+02
      600.00      1.42973191E+02
      700.00      1.62149113E+02
      800.00      1.93459714E+02
      900.00      1.76081066E+02
     1000.00      2.54512793E+02
     1100.00      2.63637760E+02
     1200.00      2.33552224E+02
     1300.00      3.67670573E+02
     1400.00      3.96754546E+02
     1500.00      4.13789120E+02
     1600.00      5.56339347E+02
     1700.00      6.09147846E+02
     1800.00      5.96805758E+02
     1900.00      7.40949982E+02
     2000.00      8.55980487E+02
     2100.00      8.25035539E+02
     2200.00      9.04006916E+02
     2300.00      1.05069723E+03
     2400.00      1.00564027E+03
     2500.00      1.23043269E+03
     2600.00      1.22168956E+03
     2700.00      1.21262631E+03
     2800.00      1.58383337E+03
     2900.00      1.68477761E+03
     3000.00      1.61605981E+03
     3100.00      1.87694631E+03
     3200.00      2.10099871E+03
     3300.00      2.10570123E+03
     3400.00      2.21445595E+03
     3500.00      2.51023674E+03
     3600.00      2.44095244E+03
     3700.00      2.60484884E+03
     3800.00      2.93162731E+03
     3900.00      2.83672410E+03
     4000.00      3.27563548E+03
     4100.00      3.38164513E+03
     4200.00      3.30964346E+03
     4300.00      3.83651853E+03
     4400.00      4.14494659E+03
     4500.00      4.20411538E+03
     4600.00      4.37911049E+03
     4700.00      4.61244512E+03
     4800.00      4.80960779E+03
     4900.00      5.03907106E+03
     5000.00      5.49638788E+03
     5100.00      5.37610275E+03
     5200.00      5.57564900E+03
     5300.00      6.14694956E+03
     5400.00      6.14446786E+03
     5500.00      6.77131745E+03
     5600.00      6.99745000E+03
     5700.00      7.10931305E+03
     5800.00      7.58867646E+03
     5900.00      7.96983845E+03
     6000.00      8.09680405E+03
     6100.00      8.49090343E+03
     6200.00      8.96354099E+03
     6300.00      9.19895480E+03
     6400.00      9.35359263E+03
     6500.00      9.98378455E+03
     6600.00      1.01439592E+04
     6700.00      1.04426436E+04
     6800.00      1.12465692E+04
     6900.00      1.12082947E+04
     7000.00      1.21780151E+04
     7100.00      1.24743175E+04
     7200.00      1.26351210E+04
     7300.00      1.30644374E+04
     7400.00      1.37285979E+04
     7500.00      1.42125514E+04
     7600.00      1.45941590E+04
     7700.00      1.50090660E+04
     7800.00      1.54892333E+04
     7900.00      1.58511197E+04
     8000.00      1.65631757E+04
     8100.00      1.70170283E+04
     8200.00      1.73364127E+04
     8300.00      1.85827612E+04
     8400.00      1.85998129E+04
     8500.00      1.94155474E+04
     8600.00      1.99648978E+04
     8700.00      2.06446199E+04
     8800.00      2.09169964E+04
     8900.00      2.15861605E+04
     9000.00      2.20336240E+04
     9100.00      2.33339691E+04
     9200.00      2.35011142E+04
     9300.00      2.40754550E+04
     9400.00      2.46223844E+04
     9500.00      2.58233611E+04
     9600.00      2.65776147E+04
     9700.00      2.68527375E+04
     9800.00      2.76868297E+04
     9900.00      2.83271944E+04
    10000.00      2.94970107E+04
    10100.00      3.02251496E+04
    10200.00      3.08063319E+04
    10300.00      3.14473779E+04
    10400.00      3.23426766E+04
    10500.00      3.26074720E+04
    10600.00      3.44293421E+04
    10700.00      3.43849282E+04
    10800.00      3.57966303E+04
    10900.00      3.66601642E+04
    11000.00      3.77153295E+04
    11100.00      3.83615210E+04
    11200.00      3.92365096E+04
    11300.00      4.01149315E+04
    11400.00      4.11512988E+04
    11500.00      4.17861124E+04
    11600.00      4.33063283E+04
    11700.00      4.38940584E+04
    11800.00      4.50171671E+04
    11900.00      4.63420394E+04
    12000.00      4.57885201E+04
    12100.00      4.89944268E+04
    12200.00      4.91177679E+04
    12300.00      5.04007608E+04
    12400.00      5.12199689E+04
    12500.00      5.22619050E+04
    12600.00      5.36015013E+04
    12700.00      5.50339607E+04
    12800.00      5.52641409E+04
    12900.00      5.73407777E+04
    13000.00      5.79631773E+04
    13100.00      5.97117274E+04
    13200.00      6.01672203E+04
    13300.00      6.17220462E+04
    13400.00      6.37192068E+04
    13500.00      6.34090680E+04
    13600.00      6.59814875E+04
    13700.00      6.68767575E+04
    13800.00      6.85383648E+04
    13900.00      6.99510775E+04
    14000.00      7.06747367E+04
    14100.00      7.21701693E+04
    14200.00      7.40149560E+04
    14300.00      7.47750018E+04
    14400.00      7.65135557E+04
    14500.00      7.71138434E+04
    14600.00      7.95752295E+04
    14700.00      8.14074838E+04
    14800.00      8.24639497E+04
    14900.00      8.45190390E+04
    15000.00      8.46472118E+04
    15100.00      8.68851383E+04
    15200.00      8.90234092E+04
    15300.00      8.99067474E+04
    15400.00      9.21320482E+04
    15500.00      9.32387757E+04
    15600.00      9.43611494E+04
    15700.00      9.69841915E+04
    15800.00      9.76558668E+04
    15900.00      1.00329990E+05
    16000.00      1.01902379E+05
    16100.00      1.03709673E+05
    16200.00      1.05714551E+05
    16300.00      1.06492786E+05
    16400.00      1.09602266E+05
    16500.00      1.10478632E+05
    16600.00      1.11790856E+05
    16700.00      1.14492028E+05
    16800.00      1.15806125E+05
    16900.00      1.18868390E+05
    17000.00      1.20673701E+05
    17100.00      1.20065057E+05
    17200.00      1.24924328E+05
    17300.00      1.26091688E+05
    17400.00      1.28416400E+05
    17500.00      1.29674506E+05
    17600.00      1.31146729E+05
    17700.00      1.34846926E+05
    17800.00      1.36194998E+05
    17900.00      1.38147250E+05
    18000.00      1.40413999E+05
    18100.00      1.42470503E+05
    18200.00      1.44745369E+05
    18300.00      1.46277076E+05
    18400.00      1.48941354E+05
    18500.00      1.52939077E+05
    18600.00      1.52321850E+05
    18700.00      1.57063003E+05
    18800.00      1.57225642E+05
    18900.00      1.60838801E+05
    19000.00      1.63331052E+05
    19100.00      1.64146454E+05
    19200.00      1.67912805E+05
    19300.00      1.70007376E+05
    19400.00      1.72920548E+05
    19500.00      1.75448241E+05
    19600.00      1.77119329E+05
    19700.00      1.79373258E+05
    19800.00      1.82718543E+05
    19900.00      1.85110106E+05
    20000.00      1.89478581E+05
    20100.00      1.88386786E+05
    20200.00      1.92803518E+05
    20300.00      1.95181182E+05
    20400.00      1.98792684E+05
    20500.00      2.00671584E+05
    20600.00      2.02989534E+05
    20700.00      2.06600402E+05
    20800.00      2.10096992E+05
    20900.00      2.11564039E+05
    21000.00      2.15148822E+05
    21100.00      2.17926818E+05
    21200.00      2.20496601E+05
    21300.00      2.22878768E+05
    21400.00      2.24344042E+05
    21500.00      2.30494539E+05
    21600.00      2.32061242E+05
    21700.00      2.35056275E+05
    21800.00      2.37944563E+05
    21900.00      2.41345646E+05
    22000.00      2.45308989E+05
    22100.00      2.48600724E+05
    22200.00      2.48465622E+05
    22300.00      2.54729506E+05
    22400.00      2.56303810E+05
    22500.00      2.60858656E+05
    22600.00      2.62842475E+05
    22700.00      2.65150590E+05
    22800.00      2.69846082E+05
    22900.00      2.72516960E+05
    23000.00      2.76806973E+05
    23100.00      2.80952988E+05
    23200.00      2.83211791E+05
    23300.00      2.87111487E+05
    23400.00      2.90363435E+05
    23500.00      2.92826968E+05
    23600.00      2.98544075E+05
    23700.00      2.98264668E+05
    23800.00      3.04988957E+05
    23900.00      3.06201027E+05
    24000.00      3.11009707E+05
    24100.00      3.15418793E+05
    24200.00      3.17375194E+05
    24300.00      3.23026391E+05
    24400.00      3.26205451E+05
    24500.00      3.29622693E+05
    24600.00      3.35558823E+05
    24700.00      3.37299448E+05
    24800.00      3.40278946E+05
    24900.00      3.45314971E+05
    25000.00      3.47985964E+05
    25100.00      3.53666558E+05
    25200.00      3.54205552E+05
    25300.00      3.59831455E+05
    25400.00      3.64728493E+05
    25500.00      3.68085348E+05
    25600.00      3.74378608E+05
    25700.00      3.76075055E+05
    25800.00      3.82682172E+05
    25900.00      3.86994418E+05
    26000.00      3.87244060E+05
    26100.00      3.94088730E+05
    26200.00      3.98983995E+05
    26300.00      4.01012911E+05
    26400.00      4.06440502E+05
    26500.00      4.06702018E+05
    26600.00      4.15544495E+05
    26700.00      4.19880302E+05
    26800.00      4.21716138E+05
    26900.00      4.28793658E+05
    27000.00      4.32970743E+05
    27100.00      4.40457854E+05
    27200.00      4.42497502E+05
    27300.00      4.45144689E+05
    27400.00      4.53358525E+05
    27500.00      4.53781472E+05
    27600.00      4.59790388E+05
    27700.00      4.65342397E+05
    27800.00      4.66133367E+05
    27900.00      4.75573980E+05
    28000.00      4.76708270E+05
    28100.00      4.83577335E+05
    28200.00      4.90517398E+05
    28300.00      4.93163491E+05
    28400.00      5.00839640E+05
    28500.00      5.05035811E+05
    28600.00      5.08043735E+05
    28700.00      5.15544454E+05
    28800.00      5.17247915E+05
    28900.00      5.25331919E+05
    29000.00      5.27208635E+05
    29100.00      5.30613772E+05
    29200.00      5.39937438E+05
    29300.00      5.42446214E+05
    29400.00      5.50627527E+05
    29500.00      5.53710386E+05
    29600.00      5.59786698E+05
    29700.00      5.68971850E+05
    29800.00      5.72038098E+05
    29900.00      5.75050258E+05
    30000.00      5.83760787E+05
    30100.00      5.86687827E+05
    30200.00      5.95323264E+05
    30300.00      5.95825791E+05
    30400.00      6.02196760E+05
    30500.00      6.10250799E+05
    30600.00      6.11544940E+05
    30700.00      6.21566521E+05
    30800.00      6.25238645E+05
    30900.00      6.33848597E+05
    31000.00      6.40663182E+05
    31100.00      6.42847072E+05
    31200.00      6.49758532E+05
    31300.00      6.58575990E+05
    31400.00      6.61201922E+05
    31500.00      6.69856119E+05
    31600.00      6.69730381E+05
    31700.00      6.79624707E+05
    31800.00      6.86200496E+05
    31900.00      6.89261498E+05
    32000.00      6.99352137E+05
    32100.00      7.02321604E+05
    32200.00      7.10294721E+05
    32300.00      7.18212642E+05
    32400.00      7.23267551E+05
    32500.00      7.31066646E+05
    32600.00      7.34927460E+05
    32700.00      7.41146693E+05
    32800.00      7.51732403E+05
    32900.00      7.52149633E+05
    33000.00      7.61362979E+05
    33100.00      7.66813068E+05
    33200.00      7.73534421E+05
    33300.00      7.83185802E+05
    33400.00      7.86721508E+05
    33500.00      7.95222921E+05
    33600.00      8.03250410E+05
    33700.00      8.04688187E+05
    33800.00      8.16320978E+05
    33900.00      8.21482517E+05
    34000.00      8.30164504E+05
    34100.00      8.36729658E+05
    34200.00      8.38718193E+05
    34300.00      8.49463111E+05
    34400.00      8.56661618E+05
    34500.00      8.64212014E+05
    34600.00      8.71312660E+05
    34700.00      8.75364624E+05
    34800.00      8.88677747E+05
    34900.00      8.94247752E+05
    35000.00      8.95597148E+05
    35100.00      9.09887929E+05
    35200.00      9.11752774E+05
    35300.00      9.22662708E+05
    35400.00      9.28963356E+05
    35500.00      9.33638059E+05
    35600.00      9.46590656E+05
    35700.00      9.48348010E+05
    35800.00      9.59216442E+05
    35900.00      9.67585771E+05
    36000.00      9.75501965E+05
    36100.00      9.85287092E+05
    36200.00      9.88703084E+05
    36300.00      9.96943109E+05
    36400.00      1.00878988E+06
    36500.00      1.01122086E+06
    36600.00      1.02346932E+06
    36700.00      1.02623431E+06
    36800.00      1.03424788E+06
    36900.00      1.04695229E+06
    37000.00      1.05015961E+06
    37100.00      1.06505679E+06
    37200.00      1.06722332E+06
    37300.00      1.07767819E+06
    37400.00      1.08918737E+06
    37500.00      1.09513776E+06
    37600.00      1.10341549E+06
    37700.00      1.11235613E+06
    37800.00      1.11775373E+06
    37900.00      1.13227573E+06
    38000.00      1.13244883E+06
    38100.00      1.14258498E+06
    38200.00      1.15479051E+06
    38300.00      1.15923670E+06
    38400.00      1.17120708E+06
    38500.00      1.17731961E+06
    38600.00      1.19088583E+06
    38700.00      1.19965976E+06
    38800.00      1.20401814E+06
    38900.00      1.21595033E+06
    39000.00      1.22414676E+06
    39100.00      1.23507804E+06
    39200.00      1.24365573E+06
    39300.00      1.24526630E+06
    39400.00      1.25981211E+06
    39500.00      1.27056363E+06
    39600.00      1.27647085E+06
    39700.00      1.28816022E+06
    39800.00      1.29424253E+06
    39900.00      1.30673079E+06
    40000.00      1.31766808E+06
    40100.00      1.32240418E+06
    40200.00      1.33702347E+06
    40300.00      1.34204019E+06
    40400.00      1.35486576E+06
    40500.00      1.36329104E+06
    40600.00      1.36928877E+06
    40700.00      1.38429044E+06
    40800.00      1.39116762E+06
    40900.00      1.40077658E+06
    41000.00      1.41355346E+06
    41100.00      1.41990328E+06
    41200.00      1.43256471E+06
    41300.00      1.44251990E+06
    41400.00      1.44735900E+06
    41500.00      1.46258758E+06
    41600.00      1.46991286E+06
    41700.00      1.48422647E+06
    41800.00      1.49065243E+06
    41900.00      1.49813823E+06
    42000.00      1.51376061E+06
    42100.00      1.51979113E+06
    42200.00      1.53747496E+06
    42300.00      1.54257208E+06
    42400.00      1.55300966E+06
    42500.00      1.56658869E+06
    42600.00      1.57673228E+06
    42700.00      1.58106076E+06
    42800.00      1.59753091E+06
    42900.00      1.60465398E+06
    43000.00      1.61915708E+06
    43100.00      1.62499386E+06
    43200.00      1.63694924E+06
    43300.00      1.65233693E+06
    43400.00      1.65841231E+06
    43500.00      1.67509748E+06
    43600.00      1.67935418E+06
    43700.00      1.69659693E+06
    43800.00      1.70904269E+06
    43900.00      1.71649317E+06
    44000.00      1.72548910E+06
    44100.00      1.74121131E+06
    44200.00      1.74740447E+06
    44300.00      1.76267624E+06
    44400.00      1.76929396E+06
    44500.00      1.78051204E+06
    44600.00      1.79713696E+06
    44700.00      1.80644604E+06
    44800.00      1.82146415E+06
    44900.00      1.82932276E+06
    45000.00      1.84396516E+06
    45100.00      1.85618293E+06
    45200.00      1.86395791E+06
    45300.00      1.88202579E+06
    45400.00      1.88977356E+06
    45500.00      1.90080366E+06
    45600.00      1.91468659E+06
    45700.00      1.92169171E+06
    45800.00      1.93595642E+06
    45900.00      1.95081515E+06
    46000.00      1.96100686E+06
    46100.00      1.97512626E+06
    46200.00      1.98449382E+06
    46300.00      2.00165835E+06
    46400.00      2.01539245E+06
    46500.00      2.01975323E+06
    46600.00      2.03981815E+06
    46700.00      2.04647924E+06
    46800.00      2.06618712E+06
    46900.00      2.07499056E+06
    47000.00      2.08363900E+06
    47100.00      2.09948667E+06
    47200.00      2.11362379E+06
    47300.00      2.12615827E+06
    47400.00      2.13649988E+06
    47500.00      2.15166680E+06
    47600.00      2.16450672E+06
    47700.00      2.17944196E+06
    47800.00      2.18765672E+06
    47900.00      2.20662329E+06
    48000.00      2.21649457E+06
    48100.00      2.23324136E+06
    48200.00      2.24055996E+06
    48300.00      2.25426173E+06
    48400.00      2.27443980E+06
    48500.00      2.28388625E+06
    48600.00      2.29975089E+06
    48700.00      2.30855220E+06
    48800.00      2.32582400E+06
    48900.00      2.33965479E+06
    49000.00      2.35387412E+06
    49100.00      2.36087519E+06
    49200.00      2.38083688E+06
    49300.00      2.39223117E+06
    49400.00      2.41072942E+06
    49500.00      2.41929667E+06
    49600.00      2.43143642E+06
    49700.00      2.45249497E+06
    49800.00      2.46182906E+06
    49900.00      2.48147616E+06
    50000.00      2.49082824E+06
