        0.00      0.00000000E+00
      100.00      1.70014895E+01
      200.00      4.05815427E+01
      300.00      9.32185696E+01
      400.00      1.51278462E+02
      500.00      2.33304453E+02
      600.00      3.63564612E+02
      700.00      5.33378396E+02
      800.00      6.97541439E+02
      900.00      9.23091534E+02
     1000.00      1.17484385E+03
     1100.00      1.50486999E+03
     1200.00      1.86827176E+03
     1300.00      2.25055161E+03
     1400.00      2.72549946E+03
     1500.00      3.21963246E+03
     1600.00      3.84549862E+03
     1700.00      4.38952473E+03
     1800.00      5.25433302E+03
     1900.00      5.89318410E+03
     2000.00      6.76240168E+03
     2100.00      7.75147701E+03
     2200.00      8.66826746E+03
     2300.00      9.89793289E+03
     2400.00      1.09054262E+04
     2500.00      1.22663852E+04
     2600.00      1.35801417E+04
     2700.00      1.51484188E+04
     2800.00      1.66229975E+04
     2900.00      1.81765242E+04
     3000.00      2.01655908E+04
     3100.00      2.18538182E+04
     3200.00      2.39843000E+04
     3300.00      2.60920387E+04
     3400.00      2.81089333E+04
     3500.00      3.08028949E+04
     3600.00      3.31094848E+04
     3700.00      3.57899436E+04
     3800.00      3.86104342E+04
     3900.00      4.14123672E+04
     4000.00      4.45574861E+04
     4100.00      4.77255602E+04
     4200.00      5.11214352E+04
     4300.00      5.44574127E+04
     4400.00      5.82204882E+04
     4500.00      6.19126588E+04
     4600.00      6.59793895E+04
     4700.00      7.02263947E+04
     4800.00      7.42705108E+04
     4900.00      7.87360724E+04
     5000.00      8.34286863E+04
     5100.00      8.84465135E+04
     5200.00      9.33021641E+04
     5300.00      9.81858798E+04
     5400.00      1.04054603E+05
     5500.00      1.09281609E+05
     5600.00      1.15292693E+05
     5700.00      1.21280552E+05
     5800.00      1.26908838E+05
     5900.00      1.34003415E+05
     6000.00      1.40348053E+05
     6100.00      1.46872783E+05
     6200.00      1.54201783E+05
     6300.00      1.61259348E+05
     6400.00      1.68816580E+05
     6500.00      1.76622192E+05
     6600.00      1.84479237E+05
     6700.00      1.92271465E+05
     6800.00      2.01101871E+05
     6900.00      2.09794116E+05
     7000.00      2.18161522E+05
     7100.00      2.27991945E+05
     7200.00      2.36726960E+05
     7300.00      2.46551192E+05
     7400.00      2.56616015E+05
     7500.00      2.66768430E+05
     7600.00      2.77167731E+05
     7700.00      2.87407050E+05
     7800.00      2.99013901E+05
     7900.00      3.09570988E+05
     8000.00      3.21718849E+05
     8100.00      3.33592199E+05
     8200.00      3.44632564E+05
     8300.00      3.58197606E+05
     8400.00      3.70238179E+05
     8500.00      3.83130073E+05
     8600.00      3.97120525E+05
     8700.00      4.09975316E+05
     8800.00      4.24023693E+05
     8900.00      4.38216373E+05
     9000.00      4.52652956E+05
     9100.00      4.67572146E+05
     9200.00      4.82839723E+05
     9300.00      4.98075924E+05
     9400.00      5.13563141E+05
     9500.00      5.30357708E+05
     9600.00      5.46498449E+05
     9700.00      5.63282839E+05
     9800.00      5.80350626E+05
     9900.00      5.97652066E+05
    10000.00      6.15984100E+05
    10100.00      6.33423225E+05
    10200.00      6.52713465E+05
    10300.00      6.70829843E+05
    10400.00      6.90452418E+05
    10500.00      7.10560182E+05
    10600.00      7.29028687E+05
    10700.00      7.51001004E+05
    10800.00      7.70943945E+05
    10900.00      7.91833823E+05
    11000.00      8.14242035E+05
    11100.00      8.34683444E+05
    11200.00      8.58025425E+05
    11300.00      8.80605057E+05
    11400.00      9.03134146E+05
    11500.00      9.27079912E+05
    11600.00      9.50599857E+05
    11700.00      9.74809171E+05
    11800.00      9.99492878E+05
    11900.00      1.02516127E+06
    12000.00      1.04986415E+06
    12100.00      1.07618624E+06
    12200.00      1.10266624E+06
    12300.00      1.12853003E+06
    12400.00      1.15674030E+06
    12500.00      1.18387381E+06
    12600.00      1.21174996E+06
    12700.00      1.24062766E+06
    12800.00      1.26952839E+06
    12900.00      1.29866653E+06
    13000.00      1.32831065E+06
    13100.00      1.35950411E+06
    13200.00      1.38923846E+06
    13300.00      1.42097043E+06
    13400.00      1.45318113E+06
    13500.00      1.48386244E+06
    13600.00      1.51815703E+06
    13700.00      1.55064841E+06
    13800.00      1.58335940E+06
    13900.00      1.61837383E+06
    14000.00      1.65276306E+06
    14100.00      1.68776697E+06
    14200.00      1.72328415E+06
    14300.00      1.75935996E+06
    14400.00      1.79537603E+06
    14500.00      1.83289420E+06
    14600.00      1.87090378E+06
    14700.00      1.90775256E+06
    14800.00      1.94721609E+06
    14900.00      1.98646426E+06
    15000.00      2.02488657E+06
    15100.00      2.06594320E+06
    15200.00      2.10644198E+06
    15300.00      2.14736941E+06
    15400.00      2.18894931E+06
    15500.00      2.23215254E+06
    15600.00      2.27362269E+06
    15700.00      2.31772509E+06
    15800.00      2.36219798E+06
    15900.00      2.40457531E+06
    16000.00      2.45207937E+06
    16100.00      2.49677587E+06
    16200.00      2.54184587E+06
    16300.00      2.59002808E+06
    16400.00      2.63626644E+06
    16500.00      2.68412419E+06
    16600.00      2.73320457E+06
    16700.00      2.78197950E+06
    16800.00      2.83112074E+06
    16900.00      2.88148363E+06
    17000.00      2.93261267E+06
    17100.00      2.98281972E+06
    17200.00      3.03608035E+06
    17300.00      3.08832965E+06
    17400.00      3.14078871E+06
    17500.00      3.19532718E+06
    17600.00      3.24932416E+06
    17700.00      3.30395123E+06
    17800.00      3.35960530E+06
    17900.00      3.41648681E+06
    18000.00      3.47202499E+06
    18100.00      3.53056184E+06
    18200.00      3.58907833E+06
    18300.00      3.64558252E+06
    18400.00      3.70770207E+06
    18500.00      3.76648885E+06
    18600.00      3.82598228E+06
    18700.00      3.88892321E+06
    18800.00      3.95015348E+06
    18900.00      4.01293490E+06
    19000.00      4.07648053E+06
    19100.00      4.14035942E+06
    19200.00      4.20401122E+06
    19300.00      4.27039211E+06
    19400.00      4.33629457E+06
    19500.00      4.40155624E+06
    19600.00      4.47065247E+06
    19700.00      4.53790073E+06
    19800.00      4.60564703E+06
    19900.00      4.67647797E+06
    20000.00      4.74608053E+06
    20100.00      4.81663279E+06
    20200.00      4.88838178E+06
    20300.00      4.96031607E+06
    20400.00      5.03218937E+06
    20500.00      5.10715284E+06
    20600.00      5.18215696E+06
    20700.00      5.25433459E+06
    20800.00      5.33305523E+06
    20900.00      5.40822049E+06
    21000.00      5.48491734E+06
    21100.00      5.56421014E+06
    21200.00      5.64125157E+06
    21300.00      5.72154236E+06
    21400.00      5.80205468E+06
    21500.00      5.88311423E+06
    21600.00      5.96355572E+06
    21700.00      6.04697579E+06
    21800.00      6.13005157E+06
    21900.00      6.21305457E+06
    22000.00      6.29962391E+06
    22100.00      6.38373147E+06
    22200.00      6.46895784E+06
    22300.00      6.55826275E+06
    22400.00      6.64482790E+06
    22500.00      6.73358971E+06
    22600.00      6.82308226E+06
    22700.00      6.91292625E+06
    22800.00      7.00326757E+06
    22900.00      7.09671677E+06
    23000.00      7.18902263E+06
    23100.00      7.27971136E+06
    23200.00      7.37682753E+06
    23300.00      7.47018608E+06
    23400.00      7.56579189E+06
    23500.00      7.66435172E+06
    23600.00      7.75882645E+06
    23700.00      7.85846590E+06
    23800.00      7.95879699E+06
    23900.00      8.05700132E+06
    24000.00      8.15730697E+06
    24100.00      8.26045410E+06
    24200.00      8.36204032E+06
    24300.00      8.46440621E+06
    24400.00      8.57027966E+06
    24500.00      8.67362144E+06
    24600.00      8.77898295E+06
    24700.00      8.88845367E+06
    24800.00      8.99331279E+06
    24900.00      9.10216862E+06
    25000.00      9.21293223E+06
    25100.00      9.32042849E+06
    25200.00      9.43170933E+06
    25300.00      9.54571728E+06
    25400.00      9.65701093E+06
    25500.00      9.77011254E+06
    25600.00      9.88618043E+06
    25700.00      9.99960351E+06
    25800.00      1.01161097E+07
    25900.00      1.02361878E+07
    26000.00      1.03506248E+07
    26100.00      1.04707696E+07
    26200.00      1.05920557E+07
    26300.00      1.07107102E+07
    26400.00      1.08327867E+07
    26500.00      1.09566762E+07
    26600.00      1.10789764E+07
    26700.00      1.12021619E+07
    26800.00      1.13297576E+07
    26900.00      1.14540318E+07
    27000.00      1.15804905E+07
    27100.00      1.17105200E+07
    27200.00      1.18367181E+07
    27300.00      1.19668348E+07
    27400.00      1.20996554E+07
    27500.00      1.22277926E+07
    27600.00      1.23613726E+07
    27700.00      1.24956664E+07
    27800.00      1.26278448E+07
    27900.00      1.27629857E+07
    28000.00      1.28999403E+07
    28100.00      1.30347379E+07
    28200.00      1.31732572E+07
    28300.00      1.33141092E+07
    28400.00      1.34493765E+07
    28500.00      1.35917257E+07
    28600.00      1.37341098E+07
    28700.00      1.38728133E+07
    28800.00      1.40182247E+07
    28900.00      1.41616565E+07
    29000.00      1.43053150E+07
    29100.00      1.44518429E+07
    29200.00      1.45989924E+07
    29300.00      1.47438740E+07
    29400.00      1.48939123E+07
    29500.00      1.50443589E+07
    29600.00      1.51908600E+07
    29700.00      1.53437817E+07
    29800.00      1.54964278E+07
    29900.00      1.56461209E+07
    30000.00      1.58025554E+07
    30100.00      1.59565204E+07
    30200.00      1.61104498E+07
    30300.00      1.62680573E+07
    30400.00      1.64252865E+07
    30500.00      1.65814351E+07
    30600.00      1.67415818E+07
    30700.00      1.69032254E+07
    30800.00      1.70599359E+07
    30900.00      1.72233527E+07
    31000.00      1.73876586E+07
    31100.00      1.75468627E+07
    31200.00      1.77154130E+07
    31300.00      1.78787710E+07
    31400.00      1.80432266E+07
    31500.00      1.82129620E+07
    31600.00      1.83802941E+07
    31700.00      1.85459506E+07
    31800.00      1.87180793E+07
    31900.00      1.88896042E+07
    32000.00      1.90577743E+07
    32100.00      1.92327938E+07
    32200.00      1.94057684E+07
    32300.00      1.95767274E+07
    32400.00      1.97550285E+07
    32500.00      1.99304910E+07
    32600.00      2.01045969E+07
    32700.00      2.02851922E+07
    32800.00      2.04620144E+07
    32900.00      2.06405439E+07
    33000.00      2.08230505E+07
    33100.00      2.10046219E+07
    33200.00      2.11829246E+07
    33300.00      2.13685469E+07
    33400.00      2.15530345E+07
    33500.00      2.17347184E+07
    33600.00      2.19244547E+07
    33700.00      2.21085815E+07
    33800.00      2.22945767E+07
    33900.00      2.24863501E+07
    34000.00      2.26738171E+07
    34100.00      2.28623483E+07
    34200.00      2.30550814E+07
    34300.00      2.32475911E+07
    34400.00      2.34380466E+07
    34500.00      2.36343452E+07
    34600.00      2.38275957E+07
    34700.00      2.40210009E+07
    34800.00      2.42212300E+07
    34900.00      2.44167329E+07
    35000.00      2.46122368E+07
    35100.00      2.48150412E+07
    35200.00      2.50128410E+07
    35300.00      2.52124077E+07
    35400.00      2.54170524E+07
    35500.00      2.56194991E+07
    35600.00      2.58195660E+07
    35700.00      2.60266197E+07
    35800.00      2.62314853E+07
    35900.00      2.64354809E+07
    36000.00      2.66472331E+07
    36100.00      2.68518059E+07
    36200.00      2.70585026E+07
    36300.00      2.72730398E+07
    36400.00      2.74801737E+07
    36500.00      2.76922335E+07
    36600.00      2.79058187E+07
    36700.00      2.81183095E+07
    36800.00      2.83313015E+07
    36900.00      2.85492357E+07
    37000.00      2.87631621E+07
    37100.00      2.89784828E+07
    37200.00      2.91997436E+07
    37300.00      2.94162057E+07
    37400.00      2.96343096E+07
    37500.00      2.98581872E+07
    37600.00      3.00770200E+07
    37700.00      3.02979536E+07
    37800.00      3.05245004E+07
    37900.00      3.07470420E+07
    38000.00      3.09708802E+07
    38100.00      3.11973543E+07
    38200.00      3.14239517E+07
    38300.00      3.16501680E+07
    38400.00      3.18827912E+07
    38500.00      3.21085869E+07
    38600.00      3.23372424E+07
    38700.00      3.25727104E+07
    38800.00      3.28014524E+07
    38900.00      3.30355813E+07
    39000.00      3.32700520E+07
    39100.00      3.35031708E+07
    39200.00      3.37390564E+07
    39300.00      3.39770408E+07
    39400.00      3.42133883E+07
    39500.00      3.44498461E+07
    39600.00      3.46921076E+07
    39700.00      3.49307064E+07
    39800.00      3.51700861E+07
    39900.00      3.54151241E+07
    40000.00      3.56550989E+07
    40100.00      3.58989363E+07
    40200.00      3.61461946E+07
    40300.00      3.63881903E+07
    40400.00      3.66355068E+07
    40500.00      3.68839442E+07
    40600.00      3.71295330E+07
    40700.00      3.73791135E+07
    40800.00      3.76330135E+07
    40900.00      3.78790487E+07
    41000.00      3.81304289E+07
    41100.00      3.83866538E+07
    41200.00      3.86366823E+07
    41300.00      3.88934436E+07
    41400.00      3.91487765E+07
    41500.00      3.94010826E+07
    41600.00      3.96605963E+07
    41700.00      3.99196586E+07
    41800.00      4.01771068E+07
    41900.00      4.04352962E+07
    42000.00      4.06991116E+07
    42100.00      4.09581164E+07
    42200.00      4.12205509E+07
    42300.00      4.14862414E+07
    42400.00      4.17466082E+07
    42500.00      4.20129893E+07
    42600.00      4.22816087E+07
    42700.00      4.25446341E+07
    42800.00      4.28138085E+07
    42900.00      4.30836542E+07
    43000.00      4.33499640E+07
    43100.00      4.36219421E+07
    43200.00      4.38962871E+07
    43300.00      4.41647317E+07
    43400.00      4.44361685E+07
    43500.00      4.47148259E+07
    43600.00      4.49864005E+07
    43700.00      4.52640137E+07
    43800.00      4.55412345E+07
    43900.00      4.58149584E+07
    44000.00      4.60957156E+07
    44100.00      4.63762865E+07
    44200.00      4.66550866E+07
    44300.00      4.69347532E+07
    44400.00      4.72196689E+07
    44500.00      4.75005349E+07
    44600.00      4.77838744E+07
    44700.00      4.80720258E+07
    44800.00      4.83527218E+07
    44900.00      4.86411883E+07
    45000.00      4.89311353E+07
    45100.00      4.92144052E+07
    45200.00      4.95062377E+07
    45300.00      4.97978221E+07
    45400.00      5.00850744E+07
    45500.00      5.03792953E+07
    45600.00      5.06728133E+07
    45700.00      5.09634764E+07
    45800.00      5.12589233E+07
    45900.00      5.15561416E+07
    46000.00      5.18489504E+07
    46100.00      5.21498353E+07
    46200.00      5.24475131E+07
    46300.00      5.27418686E+07
    46400.00      5.30453407E+07
    46500.00      5.33469002E+07
    46600.00      5.36468818E+07
    46700.00      5.39500112E+07
    46800.00      5.42530311E+07
    46900.00      5.45558113E+07
    47000.00      5.48616757E+07
    47100.00      5.51710163E+07
    47200.00      5.54730605E+07
    47300.00      5.57833918E+07
    47400.00      5.60941593E+07
    47500.00      5.63990718E+07
    47600.00      5.67129524E+07
    47700.00      5.70253385E+07
    47800.00      5.73330146E+07
    47900.00      5.76494581E+07
    48000.00      5.79642100E+07
    48100.00      5.82763852E+07
    48200.00      5.85947552E+07
    48300.00      5.89110840E+07
    48400.00      5.92258446E+07
    48500.00      5.95485978E+07
    48600.00      5.98685864E+07
    48700.00      6.01820967E+07
    48800.00      6.05086492E+07
    48900.00      6.08310839E+07
    49000.00      6.11519270E+07
    49100.00      6.14778106E+07
    49200.00      6.18013711E+07
    49300.00      6.21249841E+07
    49400.00      6.24544233E+07
    49500.00      6.27838077E+07
    49600.00      6.31066993E+07
    49700.00      6.34387741E+07
    49800.00      6.37701038E+07
    49900.00      6.40968136E+07
    50000.00      6.44341777E+07
