 [Molden Format]
 [GEOMETRIES] XYZ
           3
           1  0.10301815253314697     
N         0.25566       -0.28972        0.00000
N         1.29098        0.16682        0.00000
O        -1.36712        0.10101        0.00000
           3
           2   5.6701713240947756E-002
N         0.25559       -0.28959        0.00000
N         1.29089        0.16675        0.00000
O        -1.36696        0.10095        0.00000
           3
           3   4.3925629175703308E-005
N         0.25564       -0.28957        0.00000
N         1.29082        0.16673        0.00000
O        -1.36694        0.10095        0.00000
           3
           4  -8.7851258351406616E-005
N         0.25562       -0.28959        0.00000
N         1.29083        0.16675        0.00000
O        -1.36693        0.10096        0.00000
           3
           5   3.1375439219857530E-005
N         0.25562       -0.28960        0.00000
N         1.29082        0.16675        0.00000
O        -1.36693        0.10096        0.00000
           3
           6  -6.9025991252516413E-005
N         0.25546       -0.29133        0.00000
N         1.28956        0.16781        0.00000
O        -1.36551        0.10165        0.00000
           3
           7   1.1546165485241317E-003
N         0.25571       -0.29104        0.00000
N         1.28932        0.16758        0.00000
O        -1.36551        0.10157        0.00000
           3
           8   1.1922671005567907E-003
N         0.25547       -0.29122        0.00000
N         1.28964        0.16774        0.00000
O        -1.36560        0.10160        0.00000
           3
           9   1.3491443501607136E-003
N         0.25547       -0.29122        0.00000
N         1.28964        0.16774        0.00000
O        -1.36560        0.10160        0.00000
           3
          10  -1.8825267098890209E-005
N         0.25547       -0.29122        0.00000
N         1.28965        0.16774        0.00000
O        -1.36560        0.10160        0.00000
