        0.00      0.00000000E+00
      100.00      4.85423969E+01
      200.00      1.05400304E+02
      300.00      1.30838644E+02
      400.00      2.17964355E+02
      500.00      2.73140951E+02
      600.00      3.31507853E+02
      700.00      3.79003417E+02
      800.00      4.69688361E+02
      900.00      4.38725446E+02
     1000.00      6.21682798E+02
     1100.00      6.20979813E+02
     1200.00      6.13424632E+02
     1300.00      7.97639878E+02
     1400.00      8.65384392E+02
     1500.00      9.61353599E+02
     1600.00      1.19381549E+03
     1700.00      1.35647313E+03
     1800.00      1.37496026E+03
     1900.00      1.68703928E+03
     2000.00      1.91652490E+03
     2100.00      2.03849708E+03
     2200.00      2.02942445E+03
     2300.00      2.50379261E+03
     2400.00      2.50634074E+03
     2500.00      2.76141557E+03
     2600.00      2.88122592E+03
     2700.00      2.95713121E+03
     2800.00      3.41320432E+03
     2900.00      3.82864070E+03
     3000.00      3.92129787E+03
     3100.00      4.13162899E+03
     3200.00      4.67490923E+03
     3300.00      5.00709550E+03
     3400.00      5.29030555E+03
     3500.00      5.69155444E+03
     3600.00      5.90206747E+03
     3700.00      6.23840496E+03
     3800.00      6.94356785E+03
     3900.00      7.05745616E+03
     4000.00      7.33157494E+03
     4100.00      7.81801650E+03
     4200.00      8.10139530E+03
     4300.00      8.83918765E+03
     4400.00      9.41954180E+03
     4500.00      9.90401440E+03
     4600.00      1.01234678E+04
     4700.00      1.10495004E+04
     4800.00      1.15789209E+04
     4900.00      1.19456099E+04
     5000.00      1.25834645E+04
     5100.00      1.33708226E+04
     5200.00      1.38724079E+04
     5300.00      1.42444994E+04
     5400.00      1.47898842E+04
     5500.00      1.57540391E+04
     5600.00      1.64665958E+04
     5700.00      1.71744918E+04
     5800.00      1.80248892E+04
     5900.00      1.82792357E+04
     6000.00      1.97165097E+04
     6100.00      2.04375578E+04
     6200.00      2.13535126E+04
     6300.00      2.19727925E+04
     6400.00      2.29387003E+04
     6500.00      2.37439213E+04
     6600.00      2.48404123E+04
     6700.00      2.50597491E+04
     6800.00      2.65056820E+04
     6900.00      2.70013122E+04
     7000.00      2.88805410E+04
     7100.00      2.97560180E+04
     7200.00      3.06509806E+04
     7300.00      3.11771494E+04
     7400.00      3.26828218E+04
     7500.00      3.39878991E+04
     7600.00      3.59027609E+04
     7700.00      3.64982401E+04
     7800.00      3.74028565E+04
     7900.00      3.85871665E+04
     8000.00      4.01567304E+04
     8100.00      4.08664477E+04
     8200.00      4.20590374E+04
     8300.00      4.42969680E+04
     8400.00      4.54136157E+04
     8500.00      4.70277509E+04
     8600.00      4.81236439E+04
     8700.00      4.95059117E+04
     8800.00      5.10013940E+04
     8900.00      5.29700965E+04
     9000.00      5.42949994E+04
     9100.00      5.61817738E+04
     9200.00      5.80464923E+04
     9300.00      5.91106219E+04
     9400.00      6.05576165E+04
     9500.00      6.18828838E+04
     9600.00      6.39220513E+04
     9700.00      6.59515457E+04
     9800.00      6.80032752E+04
     9900.00      7.00328176E+04
    10000.00      7.12790501E+04
    10100.00      7.33165032E+04
    10200.00      7.54593668E+04
    10300.00      7.76278970E+04
    10400.00      7.97048422E+04
    10500.00      8.14296699E+04
    10600.00      8.35139083E+04
    10700.00      8.58929370E+04
    10800.00      8.74262470E+04
    10900.00      8.96092795E+04
    11000.00      9.20425412E+04
    11100.00      9.44536217E+04
    11200.00      9.66259038E+04
    11300.00      9.89467882E+04
    11400.00      1.01343594E+05
    11500.00      1.03831910E+05
    11600.00      1.06066773E+05
    11700.00      1.08766273E+05
    11800.00      1.11191394E+05
    11900.00      1.15112409E+05
    12000.00      1.15742608E+05
    12100.00      1.19232931E+05
    12200.00      1.21259442E+05
    12300.00      1.24377161E+05
    12400.00      1.26440629E+05
    12500.00      1.30226125E+05
    12600.00      1.32390783E+05
    12700.00      1.36249317E+05
    12800.00      1.38104483E+05
    12900.00      1.41381699E+05
    13000.00      1.44054694E+05
    13100.00      1.48158354E+05
    13200.00      1.50302584E+05
    13300.00      1.54628459E+05
    13400.00      1.56327340E+05
    13500.00      1.60659728E+05
    13600.00      1.62872716E+05
    13700.00      1.66115694E+05
    13800.00      1.68944177E+05
    13900.00      1.74560495E+05
    14000.00      1.76216008E+05
    14100.00      1.80820770E+05
    14200.00      1.83441836E+05
    14300.00      1.87181973E+05
    14400.00      1.90766370E+05
    14500.00      1.94258860E+05
    14600.00      1.98585417E+05
    14700.00      2.02500882E+05
    14800.00      2.04876243E+05
    14900.00      2.10720495E+05
    15000.00      2.13440764E+05
    15100.00      2.17070944E+05
    15200.00      2.21630381E+05
    15300.00      2.24522500E+05
    15400.00      2.30315802E+05
    15500.00      2.33825905E+05
    15600.00      2.37062982E+05
    15700.00      2.41635408E+05
    15800.00      2.47044843E+05
    15900.00      2.50449897E+05
    16000.00      2.55546818E+05
    16100.00      2.59584969E+05
    16200.00      2.64110239E+05
    16300.00      2.68786619E+05
    16400.00      2.72885183E+05
    16500.00      2.77461649E+05
    16600.00      2.82198530E+05
    16700.00      2.87205310E+05
    16800.00      2.91986871E+05
    16900.00      2.96598687E+05
    17000.00      3.01864916E+05
    17100.00      3.05927910E+05
    17200.00      3.12225698E+05
    17300.00      3.17214259E+05
    17400.00      3.22705770E+05
    17500.00      3.27098873E+05
    17600.00      3.31334882E+05
    17700.00      3.37477736E+05
    17800.00      3.42757727E+05
    17900.00      3.48165021E+05
    18000.00      3.52821313E+05
    18100.00      3.59605443E+05
    18200.00      3.66658291E+05
    18300.00      3.69305523E+05
    18400.00      3.75497599E+05
    18500.00      3.82560731E+05
    18600.00      3.87821509E+05
    18700.00      3.93348019E+05
    18800.00      4.00910548E+05
    18900.00      4.04212051E+05
    19000.00      4.11590068E+05
    19100.00      4.16869719E+05
    19200.00      4.23319731E+05
    19300.00      4.28769467E+05
    19400.00      4.36646069E+05
    19500.00      4.42275251E+05
    19600.00      4.51369981E+05
    19700.00      4.54763588E+05
    19800.00      4.61416304E+05
    19900.00      4.68331295E+05
    20000.00      4.74779467E+05
    20100.00      4.81733383E+05
    20200.00      4.88953466E+05
    20300.00      4.94106069E+05
    20400.00      5.03170812E+05
    20500.00      5.09141722E+05
    20600.00      5.15656853E+05
    20700.00      5.22472164E+05
    20800.00      5.30628318E+05
    20900.00      5.38119449E+05
    21000.00      5.46807023E+05
    21100.00      5.50820650E+05
    21200.00      5.59540724E+05
    21300.00      5.67675639E+05
    21400.00      5.73896045E+05
    21500.00      5.82142960E+05
    21600.00      5.89547531E+05
    21700.00      5.97238004E+05
    21800.00      6.06668641E+05
    21900.00      6.13605029E+05
    22000.00      6.20805156E+05
    22100.00      6.29640999E+05
    22200.00      6.36835830E+05
    22300.00      6.46211378E+05
    22400.00      6.55063946E+05
    22500.00      6.60824500E+05
    22600.00      6.70404450E+05
    22700.00      6.77371224E+05
    22800.00      6.86864886E+05
    22900.00      6.97446122E+05
    23000.00      7.03865579E+05
    23100.00      7.12775917E+05
    23200.00      7.23258961E+05
    23300.00      7.31791268E+05
    23400.00      7.38973746E+05
    23500.00      7.48964650E+05
    23600.00      7.58573663E+05
    23700.00      7.67170882E+05
    23800.00      7.76094887E+05
    23900.00      7.84873350E+05
    24000.00      7.94087563E+05
    24100.00      8.02839760E+05
    24200.00      8.13995673E+05
    24300.00      8.23318729E+05
    24400.00      8.34139382E+05
    24500.00      8.43611135E+05
    24600.00      8.52638200E+05
    24700.00      8.62480776E+05
    24800.00      8.74084063E+05
    24900.00      8.82163240E+05
    25000.00      8.92872202E+05
    25100.00      9.04170262E+05
    25200.00      9.12289296E+05
    25300.00      9.21288278E+05
    25400.00      9.32677468E+05
    25500.00      9.42809322E+05
    25600.00      9.56073818E+05
    25700.00      9.65747988E+05
    25800.00      9.76460330E+05
    25900.00      9.90141005E+05
    26000.00      9.97985183E+05
    26100.00      1.01000116E+06
    26200.00      1.02050213E+06
    26300.00      1.03123442E+06
    26400.00      1.04372388E+06
    26500.00      1.05529390E+06
    26600.00      1.06207110E+06
    26700.00      1.07584897E+06
    26800.00      1.08648359E+06
    26900.00      1.09789141E+06
    27000.00      1.11220871E+06
    27100.00      1.12588293E+06
    27200.00      1.13399206E+06
    27300.00      1.15027863E+06
    27400.00      1.15976951E+06
    27500.00      1.17342655E+06
    27600.00      1.18521889E+06
    27700.00      1.19571889E+06
    27800.00      1.20786533E+06
    27900.00      1.22155678E+06
    28000.00      1.23185007E+06
    28100.00      1.24431072E+06
    28200.00      1.25629093E+06
    28300.00      1.27011476E+06
    28400.00      1.28507709E+06
    28500.00      1.29861435E+06
    28600.00      1.31213075E+06
    28700.00      1.32714763E+06
    28800.00      1.33724369E+06
    28900.00      1.35277871E+06
    29000.00      1.36394923E+06
    29100.00      1.37826789E+06
    29200.00      1.39109157E+06
    29300.00      1.40548693E+06
    29400.00      1.41515384E+06
    29500.00      1.43063024E+06
    29600.00      1.44364987E+06
    29700.00      1.45795266E+06
    29800.00      1.47607003E+06
    29900.00      1.49121174E+06
    30000.00      1.50328005E+06
    30100.00      1.52078802E+06
    30200.00      1.53439976E+06
    30300.00      1.54935210E+06
    30400.00      1.56037590E+06
    30500.00      1.57808042E+06
    30600.00      1.59063228E+06
    30700.00      1.60720686E+06
    30800.00      1.61979966E+06
    30900.00      1.63152629E+06
    31000.00      1.64755686E+06
    31100.00      1.66760817E+06
    31200.00      1.68138173E+06
    31300.00      1.70014193E+06
    31400.00      1.71643973E+06
    31500.00      1.73244045E+06
    31600.00      1.74643813E+06
    31700.00      1.76321742E+06
    31800.00      1.77858562E+06
    31900.00      1.79501121E+06
    32000.00      1.80923069E+06
    32100.00      1.82614224E+06
    32200.00      1.84233424E+06
    32300.00      1.85345134E+06
    32400.00      1.87248374E+06
    32500.00      1.88972305E+06
    32600.00      1.90833168E+06
    32700.00      1.92797612E+06
    32800.00      1.94545161E+06
    32900.00      1.96112011E+06
    33000.00      1.98080620E+06
    33100.00      1.99829737E+06
    33200.00      2.01101724E+06
    33300.00      2.03287909E+06
    33400.00      2.05154395E+06
    33500.00      2.06184019E+06
    33600.00      2.08088069E+06
    33700.00      2.09711900E+06
    33800.00      2.11494709E+06
    33900.00      2.13598908E+06
    34000.00      2.15491720E+06
    34100.00      2.17202427E+06
    34200.00      2.19326812E+06
    34300.00      2.21193607E+06
    34400.00      2.23317114E+06
    34500.00      2.24966092E+06
    34600.00      2.27001657E+06
    34700.00      2.28880704E+06
    34800.00      2.30689265E+06
    34900.00      2.32475846E+06
    35000.00      2.34270743E+06
    35100.00      2.35877647E+06
    35200.00      2.37762659E+06
    35300.00      2.39879423E+06
    35400.00      2.42215567E+06
    35500.00      2.43987686E+06
    35600.00      2.46293996E+06
    35700.00      2.48167322E+06
    35800.00      2.50427557E+06
    35900.00      2.52327957E+06
    36000.00      2.54413814E+06
    36100.00      2.56664501E+06
    36200.00      2.58936263E+06
    36300.00      2.60462632E+06
    36400.00      2.62235953E+06
    36500.00      2.64401603E+06
    36600.00      2.66322421E+06
    36700.00      2.68320952E+06
    36800.00      2.71185032E+06
    36900.00      2.72742385E+06
    37000.00      2.75224877E+06
    37100.00      2.77634999E+06
    37200.00      2.79459911E+06
    37300.00      2.81605466E+06
    37400.00      2.84372132E+06
    37500.00      2.86172547E+06
    37600.00      2.88920600E+06
    37700.00      2.90885257E+06
    37800.00      2.92680302E+06
    37900.00      2.94856185E+06
    38000.00      2.96987063E+06
    38100.00      2.99554820E+06
    38200.00      3.01863374E+06
    38300.00      3.03899138E+06
    38400.00      3.06799658E+06
    38500.00      3.08871925E+06
    38600.00      3.10882188E+06
    38700.00      3.13460695E+06
    38800.00      3.15776038E+06
    38900.00      3.18319861E+06
    39000.00      3.21178699E+06
    39100.00      3.23052190E+06
    39200.00      3.24893794E+06
    39300.00      3.28015158E+06
    39400.00      3.30042368E+06
    39500.00      3.32735660E+06
    39600.00      3.35398910E+06
    39700.00      3.37792398E+06
    39800.00      3.39787463E+06
    39900.00      3.42630388E+06
    40000.00      3.45042488E+06
    40100.00      3.47289989E+06
    40200.00      3.50034201E+06
    40300.00      3.52578400E+06
    40400.00      3.55126847E+06
    40500.00      3.57858407E+06
    40600.00      3.59942891E+06
    40700.00      3.62693140E+06
    40800.00      3.65345818E+06
    40900.00      3.68498895E+06
    41000.00      3.70960064E+06
    41100.00      3.73635838E+06
    41200.00      3.76264011E+06
    41300.00      3.78787965E+06
    41400.00      3.81126666E+06
    41500.00      3.83945397E+06
    41600.00      3.86495652E+06
    41700.00      3.89321227E+06
    41800.00      3.92033202E+06
    41900.00      3.94578369E+06
    42000.00      3.97165483E+06
    42100.00      4.00124947E+06
    42200.00      4.03069527E+06
    42300.00      4.06096881E+06
    42400.00      4.08946528E+06
    42500.00      4.12112433E+06
    42600.00      4.14798918E+06
    42700.00      4.17344342E+06
    42800.00      4.20214618E+06
    42900.00      4.22861609E+06
    43000.00      4.25450832E+06
    43100.00      4.28992895E+06
    43200.00      4.31428264E+06
    43300.00      4.33891487E+06
    43400.00      4.37131624E+06
    43500.00      4.39617095E+06
    43600.00      4.43009244E+06
    43700.00      4.46779461E+06
    43800.00      4.49102209E+06
    43900.00      4.52681156E+06
    44000.00      4.55933826E+06
    44100.00      4.58527081E+06
    44200.00      4.61606435E+06
    44300.00      4.64370583E+06
    44400.00      4.67522124E+06
    44500.00      4.70493567E+06
    44600.00      4.73468222E+06
    44700.00      4.76362971E+06
    44800.00      4.79607512E+06
    44900.00      4.81944914E+06
    45000.00      4.85857504E+06
    45100.00      4.89144087E+06
    45200.00      4.92317270E+06
    45300.00      4.96093901E+06
    45400.00      4.99157440E+06
    45500.00      5.01745429E+06
    45600.00      5.06023694E+06
    45700.00      5.08489908E+06
    45800.00      5.11843527E+06
    45900.00      5.15432414E+06
    46000.00      5.18368349E+06
    46100.00      5.20644650E+06
    46200.00      5.24789696E+06
    46300.00      5.27515175E+06
    46400.00      5.31136901E+06
    46500.00      5.34735539E+06
    46600.00      5.38151636E+06
    46700.00      5.41626497E+06
    46800.00      5.45282132E+06
    46900.00      5.48362891E+06
    47000.00      5.52110635E+06
    47100.00      5.55142755E+06
    47200.00      5.59311280E+06
    47300.00      5.62619283E+06
    47400.00      5.65843893E+06
    47500.00      5.68669791E+06
    47600.00      5.72550362E+06
    47700.00      5.75256116E+06
    47800.00      5.79636203E+06
    47900.00      5.83138005E+06
    48000.00      5.86526924E+06
    48100.00      5.90473794E+06
    48200.00      5.93970751E+06
    48300.00      5.97284067E+06
    48400.00      6.01180852E+06
    48500.00      6.04770886E+06
    48600.00      6.08520391E+06
    48700.00      6.12603323E+06
    48800.00      6.16128333E+06
    48900.00      6.19323667E+06
    49000.00      6.22856402E+06
    49100.00      6.26525224E+06
    49200.00      6.30295814E+06
    49300.00      6.34005095E+06
    49400.00      6.38476810E+06
    49500.00      6.41778855E+06
    49600.00      6.45263784E+06
    49700.00      6.49485861E+06
    49800.00      6.52549507E+06
    49900.00      6.56845544E+06
    50000.00      6.61292428E+06
