        0.00      0.00000000E+00
      100.00      1.39433859E+01
      200.00      5.61834716E+01
      300.00      1.02223871E+02
      400.00      1.45758832E+02
      500.00      2.30810732E+02
      600.00      3.36330495E+02
      700.00      4.09346557E+02
      800.00      5.31984016E+02
      900.00      6.86452818E+02
     1000.00      8.08396962E+02
     1100.00      9.71837774E+02
     1200.00      1.16438621E+03
     1300.00      1.31822833E+03
     1400.00      1.55355922E+03
     1500.00      1.76560255E+03
     1600.00      1.97721923E+03
     1700.00      2.28250769E+03
     1800.00      2.57470530E+03
     1900.00      2.80756734E+03
     2000.00      3.24250366E+03
     2100.00      3.60486969E+03
     2200.00      3.92566440E+03
     2300.00      4.46762185E+03
     2400.00      4.88170492E+03
     2500.00      5.36316702E+03
     2600.00      5.93238599E+03
     2700.00      6.45691175E+03
     2800.00      7.01102792E+03
     2900.00      7.62090708E+03
     3000.00      8.30594445E+03
     3100.00      8.91371798E+03
     3200.00      9.60081752E+03
     3300.00      1.04090547E+04
     3400.00      1.11561307E+04
     3500.00      1.18648191E+04
     3600.00      1.28109520E+04
     3700.00      1.36974304E+04
     3800.00      1.46526120E+04
     3900.00      1.56697828E+04
     4000.00      1.65782530E+04
     4100.00      1.77788391E+04
     4200.00      1.89033664E+04
     4300.00      2.00039126E+04
     4400.00      2.12249945E+04
     4500.00      2.24630901E+04
     4600.00      2.38398489E+04
     4700.00      2.50788450E+04
     4800.00      2.64666772E+04
     4900.00      2.78954717E+04
     5000.00      2.93372182E+04
     5100.00      3.11000021E+04
     5200.00      3.22431172E+04
     5300.00      3.41291390E+04
     5400.00      3.60714303E+04
     5500.00      3.73438479E+04
     5600.00      3.95110309E+04
     5700.00      4.12632747E+04
     5800.00      4.31076297E+04
     5900.00      4.52945546E+04
     6000.00      4.72484454E+04
     6100.00      4.93927433E+04
     6200.00      5.14451740E+04
     6300.00      5.37224903E+04
     6400.00      5.60682384E+04
     6500.00      5.82680919E+04
     6600.00      6.07982092E+04
     6700.00      6.33476698E+04
     6800.00      6.55993009E+04
     6900.00      6.84603170E+04
     7000.00      7.11223229E+04
     7100.00      7.39853214E+04
     7200.00      7.65925150E+04
     7300.00      7.95119924E+04
     7400.00      8.27930964E+04
     7500.00      8.55748526E+04
     7600.00      8.88711509E+04
     7700.00      9.19722144E+04
     7800.00      9.50403247E+04
     7900.00      9.90524808E+04
     8000.00      1.01896289E+05
     8100.00      1.05427923E+05
     8200.00      1.09302311E+05
     8300.00      1.12498641E+05
     8400.00      1.16987444E+05
     8500.00      1.19944031E+05
     8600.00      1.24208458E+05
     8700.00      1.28554586E+05
     8800.00      1.31812960E+05
     8900.00      1.36998199E+05
     9000.00      1.40355830E+05
     9100.00      1.45170407E+05
     9200.00      1.49914404E+05
     9300.00      1.53421779E+05
     9400.00      1.58977244E+05
     9500.00      1.63348153E+05
     9600.00      1.68057867E+05
     9700.00      1.73323713E+05
     9800.00      1.77773112E+05
     9900.00      1.83225952E+05
    10000.00      1.88067607E+05
    10100.00      1.93272804E+05
    10200.00      1.99126748E+05
    10300.00      2.03875415E+05
    10400.00      2.10108727E+05
    10500.00      2.15286877E+05
    10600.00      2.20761017E+05
    10700.00      2.27681267E+05
    10800.00      2.32809537E+05
    10900.00      2.38970437E+05
    11000.00      2.45430465E+05
    11100.00      2.51028434E+05
    11200.00      2.58655100E+05
    11300.00      2.64147204E+05
    11400.00      2.70772088E+05
    11500.00      2.78137460E+05
    11600.00      2.83816393E+05
    11700.00      2.91854247E+05
    11800.00      2.98005626E+05
    11900.00      3.05581774E+05
    12000.00      3.13017775E+05
    12100.00      3.19358755E+05
    12200.00      3.27844105E+05
    12300.00      3.34750281E+05
    12400.00      3.43193963E+05
    12500.00      3.50961602E+05
    12600.00      3.58198946E+05
    12700.00      3.66795297E+05
    12800.00      3.74498051E+05
    12900.00      3.83551721E+05
    13000.00      3.91752497E+05
    13100.00      3.99859627E+05
    13200.00      4.09375884E+05
    13300.00      4.16903836E+05
    13400.00      4.27017538E+05
    13500.00      4.35775169E+05
    13600.00      4.43936152E+05
    13700.00      4.54422370E+05
    13800.00      4.63214368E+05
    13900.00      4.73063752E+05
    14000.00      4.82818025E+05
    14100.00      4.92563926E+05
    14200.00      5.02817470E+05
    14300.00      5.12325116E+05
    14400.00      5.22392146E+05
    14500.00      5.33553106E+05
    14600.00      5.43298585E+05
    14700.00      5.54919303E+05
    14800.00      5.65546750E+05
    14900.00      5.75550949E+05
    15000.00      5.87131087E+05
    15100.00      5.97872685E+05
    15200.00      6.09725496E+05
    15300.00      6.21170570E+05
    15400.00      6.32474938E+05
    15500.00      6.44507870E+05
    15600.00      6.55819809E+05
    15700.00      6.68946905E+05
    15800.00      6.80877457E+05
    15900.00      6.92325477E+05
    16000.00      7.05483400E+05
    16100.00      7.17385956E+05
    16200.00      7.31316421E+05
    16300.00      7.44337062E+05
    16400.00      7.56358651E+05
    16500.00      7.71175543E+05
    16600.00      7.82840521E+05
    16700.00      7.97098490E+05
    16800.00      8.10922623E+05
    16900.00      8.24674087E+05
    17000.00      8.39214659E+05
    17100.00      8.52396287E+05
    17200.00      8.67308274E+05
    17300.00      8.81621855E+05
    17400.00      8.96868532E+05
    17500.00      9.11886992E+05
    17600.00      9.25778368E+05
    17700.00      9.40761849E+05
    17800.00      9.56224321E+05
    17900.00      9.72825719E+05
    18000.00      9.88463931E+05
    18100.00      1.00354078E+06
    18200.00      1.01998955E+06
    18300.00      1.03516860E+06
    18400.00      1.05216047E+06
    18500.00      1.06880117E+06
    18600.00      1.08528536E+06
    18700.00      1.10238833E+06
    18800.00      1.11874497E+06
    18900.00      1.13596074E+06
    19000.00      1.15386896E+06
    19100.00      1.17244171E+06
    19200.00      1.18861897E+06
    19300.00      1.20664461E+06
    19400.00      1.22411151E+06
    19500.00      1.24237857E+06
    19600.00      1.26284405E+06
    19700.00      1.28001861E+06
    19800.00      1.29980056E+06
    19900.00      1.31774655E+06
    20000.00      1.33620558E+06
    20100.00      1.35676871E+06
    20200.00      1.37601674E+06
    20300.00      1.39671112E+06
    20400.00      1.41529217E+06
    20500.00      1.43424968E+06
    20600.00      1.45671979E+06
    20700.00      1.47642386E+06
    20800.00      1.49840861E+06
    20900.00      1.51773399E+06
    21000.00      1.53815149E+06
    21100.00      1.55977927E+06
    21200.00      1.58207426E+06
    21300.00      1.60361517E+06
    21400.00      1.62539877E+06
    21500.00      1.64796776E+06
    21600.00      1.66885637E+06
    21700.00      1.69120308E+06
    21800.00      1.71459890E+06
    21900.00      1.73889966E+06
    22000.00      1.76026333E+06
    22100.00      1.78262015E+06
    22200.00      1.80734754E+06
    22300.00      1.82965329E+06
    22400.00      1.85614477E+06
    22500.00      1.87853067E+06
    22600.00      1.90294869E+06
    22700.00      1.92758394E+06
    22800.00      1.94964017E+06
    22900.00      1.97827363E+06
    23000.00      2.00227541E+06
    23100.00      2.02781847E+06
    23200.00      2.05386264E+06
    23300.00      2.07644864E+06
    23400.00      2.10486567E+06
    23500.00      2.13125002E+06
    23600.00      2.15786690E+06
    23700.00      2.18403038E+06
    23800.00      2.20865427E+06
    23900.00      2.23791915E+06
    24000.00      2.26483480E+06
    24100.00      2.29360186E+06
    24200.00      2.32013345E+06
    24300.00      2.34721985E+06
    24400.00      2.37569933E+06
    24500.00      2.40282867E+06
    24600.00      2.43413714E+06
    24700.00      2.46309808E+06
    24800.00      2.49040675E+06
    24900.00      2.52027617E+06
    25000.00      2.54860966E+06
    25100.00      2.57918607E+06
    25200.00      2.61106997E+06
    25300.00      2.63946243E+06
    25400.00      2.66999992E+06
    25500.00      2.69977382E+06
    25600.00      2.73045117E+06
    25700.00      2.76395896E+06
    25800.00      2.79396863E+06
    25900.00      2.82648473E+06
    26000.00      2.85757448E+06
    26100.00      2.88698433E+06
    26200.00      2.92213792E+06
    26300.00      2.95535373E+06
    26400.00      2.98790412E+06
    26500.00      3.02094013E+06
    26600.00      3.05120105E+06
    26700.00      3.08715862E+06
    26800.00      3.12104365E+06
    26900.00      3.15570765E+06
    27000.00      3.18975605E+06
    27100.00      3.22264139E+06
    27200.00      3.25755275E+06
    27300.00      3.29335515E+06
    27400.00      3.32912118E+06
    27500.00      3.36589055E+06
    27600.00      3.39984133E+06
    27700.00      3.43485661E+06
    27800.00      3.47002332E+06
    27900.00      3.50841466E+06
    28000.00      3.54851215E+06
    28100.00      3.58250056E+06
    28200.00      3.61961917E+06
    28300.00      3.65722982E+06
    28400.00      3.69371866E+06
    28500.00      3.73479147E+06
    28600.00      3.77191158E+06
    28700.00      3.81082140E+06
    28800.00      3.84871702E+06
    28900.00      3.88630398E+06
    29000.00      3.92835086E+06
    29100.00      3.96701334E+06
    29200.00      4.00752986E+06
    29300.00      4.04674864E+06
    29400.00      4.08516294E+06
    29500.00      4.12587854E+06
    29600.00      4.16981121E+06
    29700.00      4.21081794E+06
    29800.00      4.25094739E+06
    29900.00      4.29176235E+06
    30000.00      4.33312479E+06
    30100.00      4.37494901E+06
    30200.00      4.41993038E+06
    30300.00      4.46231945E+06
    30400.00      4.50469389E+06
    30500.00      4.54579593E+06
    30600.00      4.58856694E+06
    30700.00      4.63374826E+06
    30800.00      4.68000312E+06
    30900.00      4.72163636E+06
    31000.00      4.76439276E+06
    31100.00      4.80986353E+06
    31200.00      4.85307550E+06
    31300.00      4.90475661E+06
    31400.00      4.94508911E+06
    31500.00      4.99097658E+06
    31600.00      5.03789774E+06
    31700.00      5.07934638E+06
    31800.00      5.13211986E+06
    31900.00      5.17559318E+06
    32000.00      5.22435090E+06
    32100.00      5.27195671E+06
    32200.00      5.31304932E+06
    32300.00      5.36705788E+06
    32400.00      5.41196124E+06
    32500.00      5.46243473E+06
    32600.00      5.51037183E+06
    32700.00      5.55423500E+06
    32800.00      5.60691012E+06
    32900.00      5.65397340E+06
    33000.00      5.70742735E+06
    33100.00      5.75692992E+06
    33200.00      5.80197644E+06
    33300.00      5.85478011E+06
    33400.00      5.90232854E+06
    33500.00      5.95619294E+06
    33600.00      6.00936394E+06
    33700.00      6.05669889E+06
    33800.00      6.11009652E+06
    33900.00      6.15740914E+06
    34000.00      6.21141693E+06
    34100.00      6.26797159E+06
    34200.00      6.31567728E+06
    34300.00      6.36989162E+06
    34400.00      6.42139322E+06
    34500.00      6.47170522E+06
    34600.00      6.53209304E+06
    34700.00      6.58193175E+06
    34800.00      6.63753323E+06
    34900.00      6.69122653E+06
    35000.00      6.73988269E+06
    35100.00      6.80179956E+06
    35200.00      6.85269526E+06
    35300.00      6.91191623E+06
    35400.00      6.96720073E+06
    35500.00      7.01626068E+06
    35600.00      7.07718905E+06
    35700.00      7.13037551E+06
    35800.00      7.19054808E+06
    35900.00      7.24791172E+06
    36000.00      7.29811701E+06
    36100.00      7.36174752E+06
    36200.00      7.41139443E+06
    36300.00      7.47788525E+06
    36400.00      7.53545596E+06
    36500.00      7.58688768E+06
    36600.00      7.65120681E+06
    36700.00      7.70286786E+06
    36800.00      7.76612605E+06
    36900.00      7.82914452E+06
    37000.00      7.88319579E+06
    37100.00      7.94822098E+06
    37200.00      8.00080005E+06
    37300.00      8.06221811E+06
    37400.00      8.12856131E+06
    37500.00      8.18345221E+06
    37600.00      8.24835097E+06
    37700.00      8.30610490E+06
    37800.00      8.36648600E+06
    37900.00      8.43129587E+06
    38000.00      8.49252745E+06
    38100.00      8.55698923E+06
    38200.00      8.61739326E+06
    38300.00      8.67611046E+06
    38400.00      8.74269208E+06
    38500.00      8.80411112E+06
    38600.00      8.87142051E+06
    38700.00      8.93448931E+06
    38800.00      8.99632665E+06
    38900.00      9.05914553E+06
    39000.00      9.12327415E+06
    39100.00      9.19079362E+06
    39200.00      9.25764180E+06
    39300.00      9.31786688E+06
    39400.00      9.38533640E+06
    39500.00      9.44702551E+06
    39600.00      9.51679839E+06
    39700.00      9.58695668E+06
    39800.00      9.64885932E+06
    39900.00      9.71705005E+06
    40000.00      9.77934620E+06
    40100.00      9.84783641E+06
    40200.00      9.92087474E+06
    40300.00      9.98407519E+06
    40400.00      1.00553215E+07
    40500.00      1.01213751E+07
    40600.00      1.01857921E+07
    40700.00      1.02609244E+07
    40800.00      1.03260064E+07
    40900.00      1.03982930E+07
    41000.00      1.04657466E+07
    41100.00      1.05320614E+07
    41200.00      1.06055466E+07
    41300.00      1.06741583E+07
    41400.00      1.07490100E+07
    41500.00      1.08185141E+07
    41600.00      1.08860110E+07
    41700.00      1.09575317E+07
    41800.00      1.10274028E+07
    41900.00      1.11032291E+07
    42000.00      1.11764455E+07
    42100.00      1.12458565E+07
    42200.00      1.13190296E+07
    42300.00      1.13869424E+07
    42400.00      1.14643048E+07
    42500.00      1.15404948E+07
    42600.00      1.16099311E+07
    42700.00      1.16839602E+07
    42800.00      1.17567005E+07
    42900.00      1.18278271E+07
    43000.00      1.19119943E+07
    43100.00      1.19812887E+07
    43200.00      1.20575743E+07
    43300.00      1.21310917E+07
    43400.00      1.22014828E+07
    43500.00      1.22864339E+07
    43600.00      1.23576631E+07
    43700.00      1.24357560E+07
    43800.00      1.25152843E+07
    43900.00      1.25821403E+07
    44000.00      1.26656344E+07
    44100.00      1.27413258E+07
    44200.00      1.28210423E+07
    44300.00      1.28998433E+07
    44400.00      1.29705843E+07
    44500.00      1.30547868E+07
    44600.00      1.31275971E+07
    44700.00      1.32129203E+07
    44800.00      1.32917122E+07
    44900.00      1.33672696E+07
    45000.00      1.34476263E+07
    45100.00      1.35238788E+07
    45200.00      1.36085461E+07
    45300.00      1.36904352E+07
    45400.00      1.37671554E+07
    45500.00      1.38530881E+07
    45600.00      1.39228721E+07
    45700.00      1.40111565E+07
    45800.00      1.40939655E+07
    45900.00      1.41749524E+07
    46000.00      1.42592209E+07
    46100.00      1.43344076E+07
    46200.00      1.44166661E+07
    46300.00      1.45047119E+07
    46400.00      1.45865147E+07
    46500.00      1.46721615E+07
    46600.00      1.47522669E+07
    46700.00      1.48328293E+07
    46800.00      1.49215789E+07
    46900.00      1.50036996E+07
    47000.00      1.50909787E+07
    47100.00      1.51757784E+07
    47200.00      1.52572604E+07
    47300.00      1.53423900E+07
    47400.00      1.54274367E+07
    47500.00      1.55168366E+07
    47600.00      1.56035029E+07
    47700.00      1.56855759E+07
    47800.00      1.57746703E+07
    47900.00      1.58550441E+07
    48000.00      1.59480701E+07
    48100.00      1.60365724E+07
    48200.00      1.61225454E+07
    48300.00      1.62119905E+07
    48400.00      1.62917442E+07
    48500.00      1.63851213E+07
    48600.00      1.64770049E+07
    48700.00      1.65627794E+07
    48800.00      1.66562124E+07
    48900.00      1.67370398E+07
    49000.00      1.68268415E+07
    49100.00      1.69218566E+07
    49200.00      1.70102835E+07
    49300.00      1.71050356E+07
    49400.00      1.71877729E+07
    49500.00      1.72785140E+07
    49600.00      1.73716110E+07
    49700.00      1.74635524E+07
    49800.00      1.75576272E+07
    49900.00      1.76475549E+07
    50000.00      1.77364947E+07
