        0.00      0.00000000E+00
      100.00      5.24622623E+00
      200.00      1.81101825E+01
      300.00      3.69060548E+01
      400.00      6.96540474E+01
      500.00      1.13663041E+02
      600.00      1.57348708E+02
      700.00      2.16161191E+02
      800.00      3.04232634E+02
      900.00      3.66816877E+02
     1000.00      4.56007404E+02
     1100.00      5.76333983E+02
     1200.00      6.87289409E+02
     1300.00      8.06330844E+02
     1400.00      9.83599378E+02
     1500.00      1.11554387E+03
     1600.00      1.31225977E+03
     1700.00      1.49782295E+03
     1800.00      1.71828677E+03
     1900.00      1.94423430E+03
     2000.00      2.25391092E+03
     2100.00      2.46661047E+03
     2200.00      2.84477643E+03
     2300.00      3.17022577E+03
     2400.00      3.48178635E+03
     2500.00      3.93117535E+03
     2600.00      4.30077208E+03
     2700.00      4.75963479E+03
     2800.00      5.19427902E+03
     2900.00      5.70162647E+03
     3000.00      6.21936152E+03
     3100.00      6.73092750E+03
     3200.00      7.33227493E+03
     3300.00      7.94745824E+03
     3400.00      8.55441818E+03
     3500.00      9.20966569E+03
     3600.00      1.00167390E+04
     3700.00      1.06164821E+04
     3800.00      1.15156480E+04
     3900.00      1.23302730E+04
     4000.00      1.31635960E+04
     4100.00      1.41036702E+04
     4200.00      1.50161269E+04
     4300.00      1.60839600E+04
     4400.00      1.70458592E+04
     4500.00      1.81452383E+04
     4600.00      1.92365307E+04
     4700.00      2.03838852E+04
     4800.00      2.16752341E+04
     4900.00      2.28088849E+04
     5000.00      2.41629779E+04
     5100.00      2.55382163E+04
     5200.00      2.67441794E+04
     5300.00      2.85286934E+04
     5400.00      2.96671558E+04
     5500.00      3.13965256E+04
     5600.00      3.31441273E+04
     5700.00      3.45056037E+04
     5800.00      3.64386622E+04
     5900.00      3.81048964E+04
     6000.00      4.00241232E+04
     6100.00      4.18522858E+04
     6200.00      4.37943455E+04
     6300.00      4.58024750E+04
     6400.00      4.78308455E+04
     6500.00      4.99164333E+04
     6600.00      5.22744690E+04
     6700.00      5.43544126E+04
     6800.00      5.64962060E+04
     6900.00      5.93228952E+04
     7000.00      6.13485989E+04
     7100.00      6.41444155E+04
     7200.00      6.65136247E+04
     7300.00      6.94196537E+04
     7400.00      7.18217644E+04
     7500.00      7.47100305E+04
     7600.00      7.78016808E+04
     7700.00      8.04320229E+04
     7800.00      8.35774223E+04
     7900.00      8.67041248E+04
     8000.00      8.94545750E+04
     8100.00      9.33723136E+04
     8200.00      9.60895669E+04
     8300.00      9.95920194E+04
     8400.00      1.03286417E+05
     8500.00      1.06174260E+05
     8600.00      1.10838519E+05
     8700.00      1.13472790E+05
     8800.00      1.17691082E+05
     8900.00      1.21803127E+05
     9000.00      1.25052804E+05
     9100.00      1.29959431E+05
     9200.00      1.33200161E+05
     9300.00      1.37906005E+05
     9400.00      1.42090239E+05
     9500.00      1.46228987E+05
     9600.00      1.50922386E+05
     9700.00      1.55372346E+05
     9800.00      1.59947685E+05
     9900.00      1.64794747E+05
    10000.00      1.69331026E+05
    10100.00      1.74420526E+05
    10200.00      1.79475033E+05
    10300.00      1.84165011E+05
    10400.00      1.89943998E+05
    10500.00      1.94431121E+05
    10600.00      2.00552116E+05
    10700.00      2.05825473E+05
    10800.00      2.11032128E+05
    10900.00      2.17266952E+05
    11000.00      2.22528711E+05
    11100.00      2.28481457E+05
    11200.00      2.34921745E+05
    11300.00      2.40047067E+05
    11400.00      2.47640585E+05
    11500.00      2.52644288E+05
    11600.00      2.59378566E+05
    11700.00      2.66311560E+05
    11800.00      2.71872100E+05
    11900.00      2.80172944E+05
    12000.00      2.85375406E+05
    12100.00      2.93228294E+05
    12200.00      2.99921919E+05
    12300.00      3.06892634E+05
    12400.00      3.15042050E+05
    12500.00      3.21353955E+05
    12600.00      3.29615358E+05
    12700.00      3.36566231E+05
    12800.00      3.44675713E+05
    12900.00      3.52541397E+05
    13000.00      3.60245101E+05
    13100.00      3.68864489E+05
    13200.00      3.76470904E+05
    13300.00      3.84493981E+05
    13400.00      3.94161099E+05
    13500.00      4.01504031E+05
    13600.00      4.11075942E+05
    13700.00      4.19271514E+05
    13800.00      4.27899394E+05
    13900.00      4.37596240E+05
    14000.00      4.46693677E+05
    14100.00      4.56244779E+05
    14200.00      4.65151673E+05
    14300.00      4.75130166E+05
    14400.00      4.84439804E+05
    14500.00      4.94556054E+05
    14600.00      5.03874817E+05
    14700.00      5.15444579E+05
    14800.00      5.24287359E+05
    14900.00      5.35359001E+05
    15000.00      5.45681320E+05
    15100.00      5.56296091E+05
    15200.00      5.67206446E+05
    15300.00      5.77652185E+05
    15400.00      5.89434024E+05
    15500.00      5.99438631E+05
    15600.00      6.11825311E+05
    15700.00      6.23564230E+05
    15800.00      6.34404541E+05
    15900.00      6.47190850E+05
    16000.00      6.57683968E+05
    16100.00      6.70108489E+05
    16200.00      6.82852340E+05
    16300.00      6.94517137E+05
    16400.00      7.08514269E+05
    16500.00      7.20135184E+05
    16600.00      7.32431147E+05
    16700.00      7.46844999E+05
    16800.00      7.57829849E+05
    16900.00      7.73540747E+05
    17000.00      7.84947048E+05
    17100.00      7.99793785E+05
    17200.00      8.12520653E+05
    17300.00      8.26711272E+05
    17400.00      8.42294419E+05
    17500.00      8.54893662E+05
    17600.00      8.69921021E+05
    17700.00      8.83267616E+05
    17800.00      8.98637173E+05
    17900.00      9.13820095E+05
    18000.00      9.28731859E+05
    18100.00      9.44578451E+05
    18200.00      9.59173864E+05
    18300.00      9.74067582E+05
    18400.00      9.90944514E+05
    18500.00      1.00585719E+06
    18600.00      1.02293514E+06
    18700.00      1.03828362E+06
    18800.00      1.05426033E+06
    18900.00      1.07116132E+06
    19000.00      1.08849075E+06
    19100.00      1.10580848E+06
    19200.00      1.12189535E+06
    19300.00      1.13988145E+06
    19400.00      1.15497078E+06
    19500.00      1.17453105E+06
    19600.00      1.19197906E+06
    19700.00      1.21039161E+06
    19800.00      1.22914759E+06
    19900.00      1.24534881E+06
    20000.00      1.26510279E+06
    20100.00      1.28306563E+06
    20200.00      1.30351757E+06
    20300.00      1.32146401E+06
    20400.00      1.34060835E+06
    20500.00      1.35903723E+06
    20600.00      1.37993134E+06
    20700.00      1.39994163E+06
    20800.00      1.42058661E+06
    20900.00      1.43987544E+06
    21000.00      1.45958127E+06
    21100.00      1.47914692E+06
    21200.00      1.50239149E+06
    21300.00      1.52133158E+06
    21400.00      1.54573552E+06
    21500.00      1.56415451E+06
    21600.00      1.58568711E+06
    21700.00      1.60807015E+06
    21800.00      1.62968517E+06
    21900.00      1.65409560E+06
    22000.00      1.67335601E+06
    22100.00      1.69787849E+06
    22200.00      1.71834879E+06
    22300.00      1.74198305E+06
    22400.00      1.76863027E+06
    22500.00      1.78787606E+06
    22600.00      1.81485488E+06
    22700.00      1.83418270E+06
    22800.00      1.86069221E+06
    22900.00      1.88524610E+06
    23000.00      1.90831055E+06
    23100.00      1.93637069E+06
    23200.00      1.95720735E+06
    23300.00      1.98299149E+06
    23400.00      2.00883362E+06
    23500.00      2.03451150E+06
    23600.00      2.06173522E+06
    23700.00      2.08511763E+06
    23800.00      2.11163119E+06
    23900.00      2.13754177E+06
    24000.00      2.16437972E+06
    24100.00      2.19363035E+06
    24200.00      2.21890276E+06
    24300.00      2.24700221E+06
    24400.00      2.27053912E+06
    24500.00      2.30116073E+06
    24600.00      2.32923539E+06
    24700.00      2.35783148E+06
    24800.00      2.38634933E+06
    24900.00      2.41297206E+06
    25000.00      2.44179378E+06
    25100.00      2.47188557E+06
    25200.00      2.50294504E+06
    25300.00      2.53006739E+06
    25400.00      2.56116345E+06
    25500.00      2.58842390E+06
    25600.00      2.61956518E+06
    25700.00      2.65237742E+06
    25800.00      2.68172124E+06
    25900.00      2.71474845E+06
    26000.00      2.74168295E+06
    26100.00      2.77336142E+06
    26200.00      2.80774929E+06
    26300.00      2.83819373E+06
    26400.00      2.87251945E+06
    26500.00      2.90293390E+06
    26600.00      2.93412020E+06
    26700.00      2.96874485E+06
    26800.00      3.00060413E+06
    26900.00      3.03730152E+06
    27000.00      3.06796247E+06
    27100.00      3.10303948E+06
    27200.00      3.13374579E+06
    27300.00      3.17065024E+06
    27400.00      3.20680304E+06
    27500.00      3.24133226E+06
    27600.00      3.27639768E+06
    27700.00      3.30868790E+06
    27800.00      3.34440466E+06
    27900.00      3.38336931E+06
    28000.00      3.41812817E+06
    28100.00      3.45642417E+06
    28200.00      3.49122622E+06
    28300.00      3.52661612E+06
    28400.00      3.56452243E+06
    28500.00      3.60375557E+06
    28600.00      3.64250413E+06
    28700.00      3.67859114E+06
    28800.00      3.71434059E+06
    28900.00      3.75420591E+06
    29000.00      3.79315983E+06
    29100.00      3.83514150E+06
    29200.00      3.87304815E+06
    29300.00      3.91062396E+06
    29400.00      3.94906121E+06
    29500.00      3.98929945E+06
    29600.00      4.03334722E+06
    29700.00      4.07053541E+06
    29800.00      4.11569941E+06
    29900.00      4.15234722E+06
    30000.00      4.19305609E+06
    30100.00      4.23532571E+06
    30200.00      4.27950510E+06
    30300.00      4.32104947E+06
    30400.00      4.36287371E+06
    30500.00      4.40242800E+06
    30600.00      4.44713911E+06
    30700.00      4.49074373E+06
    30800.00      4.53672570E+06
    30900.00      4.57737460E+06
    31000.00      4.62140816E+06
    31100.00      4.66250147E+06
    31200.00      4.70864209E+06
    31300.00      4.75728584E+06
    31400.00      4.79828790E+06
    31500.00      4.84942724E+06
    31600.00      4.88529991E+06
    31700.00      4.93432533E+06
    31800.00      4.98140880E+06
    31900.00      5.02813605E+06
    32000.00      5.07747016E+06
    32100.00      5.11766788E+06
    32200.00      5.16665735E+06
    32300.00      5.21432838E+06
    32400.00      5.26272456E+06
    32500.00      5.31257879E+06
    32600.00      5.35684715E+06
    32700.00      5.40576642E+06
    32800.00      5.45045855E+06
    32900.00      5.50452274E+06
    33000.00      5.55315699E+06
    33100.00      5.60327715E+06
    33200.00      5.65188533E+06
    33300.00      5.69744179E+06
    33400.00      5.74890262E+06
    33500.00      5.80239083E+06
    33600.00      5.85339695E+06
    33700.00      5.90254431E+06
    33800.00      5.95266050E+06
    33900.00      6.00231151E+06
    34000.00      6.05668375E+06
    34100.00      6.10991276E+06
    34200.00      6.15951854E+06
    34300.00      6.21503883E+06
    34400.00      6.26170758E+06
    34500.00      6.31440927E+06
    34600.00      6.37453688E+06
    34700.00      6.42266557E+06
    34800.00      6.48491028E+06
    34900.00      6.52693919E+06
    35000.00      6.58444525E+06
    35100.00      6.64113213E+06
    35200.00      6.69256040E+06
    35300.00      6.75722126E+06
    35400.00      6.80123617E+06
    35500.00      6.86137417E+06
    35600.00      6.91433090E+06
    35700.00      6.97092376E+06
    35800.00      7.03315712E+06
    35900.00      7.08353201E+06
    36000.00      7.14268603E+06
    36100.00      7.19636685E+06
    36200.00      7.25076418E+06
    36300.00      7.32125710E+06
    36400.00      7.36732193E+06
    36500.00      7.43478370E+06
    36600.00      7.48380834E+06
    36700.00      7.54270365E+06
    36800.00      7.60628446E+06
    36900.00      7.66361841E+06
    37000.00      7.72642362E+06
    37100.00      7.78282308E+06
    37200.00      7.83904338E+06
    37300.00      7.90279374E+06
    37400.00      7.96227459E+06
    37500.00      8.02605267E+06
    37600.00      8.08700343E+06
    37700.00      8.14234665E+06
    37800.00      8.20394383E+06
    37900.00      8.26862096E+06
    38000.00      8.33321033E+06
    38100.00      8.39399731E+06
    38200.00      8.45621662E+06
    38300.00      8.51492247E+06
    38400.00      8.57925494E+06
    38500.00      8.64227234E+06
    38600.00      8.71105261E+06
    38700.00      8.77178862E+06
    38800.00      8.83598387E+06
    38900.00      8.89440396E+06
    39000.00      8.96492858E+06
    39100.00      9.02907136E+06
    39200.00      9.09584456E+06
    39300.00      9.15873651E+06
    39400.00      9.22364337E+06
    39500.00      9.28360632E+06
    39600.00      9.36100925E+06
    39700.00      9.42115876E+06
    39800.00      9.49374728E+06
    39900.00      9.55510990E+06
    40000.00      9.61966091E+06
    40100.00      9.68963727E+06
    40200.00      9.75600572E+06
    40300.00      9.83004673E+06
    40400.00      9.89574770E+06
    40500.00      9.95948458E+06
    40600.00      1.00285231E+07
    40700.00      1.00998074E+07
    40800.00      1.01721484E+07
    40900.00      1.02405948E+07
    41000.00      1.03062597E+07
    41100.00      1.03765131E+07
    41200.00      1.04435377E+07
    41300.00      1.05230320E+07
    41400.00      1.05890126E+07
    41500.00      1.06643122E+07
    41600.00      1.07317949E+07
    41700.00      1.07981398E+07
    41800.00      1.08763791E+07
    41900.00      1.09448976E+07
    42000.00      1.10246837E+07
    42100.00      1.10910979E+07
    42200.00      1.11625032E+07
    42300.00      1.12363348E+07
    42400.00      1.13110917E+07
    42500.00      1.13887991E+07
    42600.00      1.14584548E+07
    42700.00      1.15325151E+07
    42800.00      1.16042374E+07
    42900.00      1.16774113E+07
    43000.00      1.17625559E+07
    43100.00      1.18291561E+07
    43200.00      1.19147806E+07
    43300.00      1.19777557E+07
    43400.00      1.20560070E+07
    43500.00      1.21348547E+07
    43600.00      1.22106910E+07
    43700.00      1.22952310E+07
    43800.00      1.23628764E+07
    43900.00      1.24382432E+07
    44000.00      1.25211471E+07
    44100.00      1.25962469E+07
    44200.00      1.26812603E+07
    44300.00      1.27522047E+07
    44400.00      1.28331219E+07
    44500.00      1.29062108E+07
    44600.00      1.29892997E+07
    44700.00      1.30751830E+07
    44800.00      1.31477642E+07
    44900.00      1.32350121E+07
    45000.00      1.33017901E+07
    45100.00      1.33901613E+07
    45200.00      1.34683816E+07
    45300.00      1.35542789E+07
    45400.00      1.36352568E+07
    45500.00      1.37133009E+07
    45600.00      1.37895261E+07
    45700.00      1.38804438E+07
    45800.00      1.39574126E+07
    45900.00      1.40473929E+07
    46000.00      1.41235260E+07
    46100.00      1.42077326E+07
    46200.00      1.42847803E+07
    46300.00      1.43770444E+07
    46400.00      1.44571653E+07
    46500.00      1.45485870E+07
    46600.00      1.46249733E+07
    46700.00      1.47067827E+07
    46800.00      1.47951994E+07
    46900.00      1.48786197E+07
    47000.00      1.49736341E+07
    47100.00      1.50515860E+07
    47200.00      1.51355729E+07
    47300.00      1.52202394E+07
    47400.00      1.53089995E+07
    47500.00      1.54008409E+07
    47600.00      1.54837918E+07
    47700.00      1.55731454E+07
    47800.00      1.56546517E+07
    47900.00      1.57402512E+07
    48000.00      1.58394054E+07
    48100.00      1.59186551E+07
    48200.00      1.60183628E+07
    48300.00      1.60944150E+07
    48400.00      1.61852222E+07
    48500.00      1.62777272E+07
    48600.00      1.63640304E+07
    48700.00      1.64643895E+07
    48800.00      1.65456349E+07
    48900.00      1.66328084E+07
    49000.00      1.67270563E+07
    49100.00      1.68142835E+07
    49200.00      1.69151152E+07
    49300.00      1.70009284E+07
    49400.00      1.70918848E+07
    49500.00      1.71818373E+07
    49600.00      1.72694775E+07
    49700.00      1.73733455E+07
    49800.00      1.74601425E+07
    49900.00      1.75597975E+07
    50000.00      1.76420293E+07
