 Request to read Hessians for frequency calc


 Moments of intertia (cm-1)        4.97186        0.54071        0.48767
 Symmetrized to (cm-1)             4.97186        0.51419 (x2)

 rotated geometry
N      1.054968198610398    -0.190584808825291     0.000000000000001
C      0.000000000000041     0.444503245653661    -0.000000000000001
N     -1.054968198610434    -0.190584808825270     0.000000000000001


 energy at MSX =    46.099091700506861        46.098432572411028     

 grad(E1) grad(E2) grad(E1-E2)
    1    1    1       -0.58062       -0.58063       -0.58061
    2    1    2        0.00000       -0.00000        0.00000
    3    1    3        0.58062        0.58063        0.58061
    4    2    1       -0.22108       -0.22108       -0.22109
    5    2    2        0.47749        0.47748        0.47751
    6    2    3       -0.22108       -0.22108       -0.22109
    7    3    1        0.00000        0.00000       -0.00000
    8    3    2        0.00000        0.00000       -0.00000
    9    3    3        0.00000       -0.00000        0.00000

 Obtaining the Hessians
 HESSR
 Now reading the Hessians

 SURFACE 1
   Index  Force Const(mass-scaled Eh/a0^2) Freq(cm-1)
         1   -0.26533E-02     -264.78859
         2   -0.19546E-02     -227.26665
         3   -0.32984E-06       -2.95231
         4    0.29981E-06        2.81472
         5    0.35696E-04       30.71258
         6    0.66903E-02      420.46595
         7    0.11296E-01      546.35909
         8    0.40029E-01     1028.48269
         9    0.90718E-01     1548.30429

 SURFACE 1 projected
   Index  Force Const(mass-scaled Eh/a0^2) Freq(cm-1)
         1   -0.25123E-06       -2.57660
         2   -0.30672E-17       -0.00001
         3   -0.96904E-18       -0.00001
         4    0.29314E-17        0.00001
         5    0.11864E-16        0.00002
         6    0.22642E-16        0.00002
         7    0.80336E-05       14.57020
         8    0.39742E-01     1024.79134
         9    0.83316E-01     1483.78990

 SURFACE 2
   Index  Force Const(mass-scaled Eh/a0^2) Freq(cm-1)
         1   -0.15370E-02     -201.53124
         2   -0.10906E-02     -169.76031
         3   -0.53001E-08       -0.37424
         4    0.24839E-08        0.25620
         5    0.43697E-08        0.33981
         6    0.32376E-02      292.49839
         7    0.57395E-02      389.44595
         8    0.10511E+00     1666.61780
         9    0.10765E+00     1686.59927

 SURFACE 2 projected
   Index  Force Const(mass-scaled Eh/a0^2) Freq(cm-1)
         1   -0.14190E-06       -1.93641
         2   -0.12405E-16       -0.00002
         3   -0.97548E-17       -0.00002
         4   -0.48923E-17       -0.00001
         5   -0.15665E-17       -0.00001
         6    0.36863E-17        0.00001
         7    0.38877E-05       10.13580
         8    0.10446E+00     1661.45576
         9    0.10502E+00     1665.86220

 Surface 1 grad(E1-E2)-projected
   Index  Force Const(mass-scaled Eh/a0^2) Freq(cm-1)
         1   -0.25123E-06       -2.57660
         2   -0.15919E-16       -0.00002
         3   -0.17599E-17       -0.00001
         4    0.24223E-17        0.00001
         5    0.55214E-17        0.00001
         6    0.20978E-16        0.00002
         7    0.80336E-05       14.57020
         8    0.39742E-01     1024.79134
         9    0.83317E-01     1483.79896

 Surface 2 grad(E1-E2)-projected
   Index  Force Const(mass-scaled Eh/a0^2) Freq(cm-1)
         1   -0.14190E-06       -1.93641
         2   -0.15751E-16       -0.00002
         3   -0.31073E-17       -0.00001
         4    0.20735E-17        0.00001
         5    0.14785E-16        0.00002
         6    0.20002E-16        0.00002
         7    0.38877E-05       10.13580
         8    0.10446E+00     1661.46787
         9    0.10502E+00     1665.86220

 Effective two-state
   Index  Force Const(mass-scaled Eh/a0^2) Freq(cm-1)
         1   -0.20951E-02     -235.29539
         2   -0.14744E-02     -197.38337
         3   -0.11430E-06       -1.73790
         4    0.15229E-06        2.00603
         5    0.11589E-04       17.50010
         6    0.49639E-02      362.17877
         7    0.89093E-02      485.21104
         8    0.72529E-01     1384.40851
         9    0.98791E-01     1615.73166

 Two-state averaged Hessian
    Index  Force Const (mass-scaled Eh/a0^2) Freq(cm-1)
         1   -0.19054E-06       -2.24391
         2   -0.16951E-16       -0.00002
         3   -0.72345E-17       -0.00001
         4   -0.54645E-18       -0.00000
         5    0.13531E-17        0.00001
         6    0.10119E-16        0.00002
         7    0.59607E-05       12.55040
         8    0.72380E-01     1382.98479
         9    0.93890E-01     1575.14044

 gradient
  -2.0000000000000000        6.7074882538077558        8.6748139594506561     
  -1.8000000000000000        5.6280788384414695        7.1351373847505712     
  -1.6000000000000001        4.5460027062571564        5.7037409416392792     
  -1.4000000000000001        3.5030641808556080        4.4344697243781814     
  -1.2000000000000002        2.5615310999317797        3.3667236576077246     
  -1.0000000000000000        1.7903631277117906        2.5300007110433844     
 -0.80000000000000004        1.2523034849793857        1.9450596424261062     
 -0.60000000000000009       0.99262894159302795        1.6192453517925809     
 -0.40000000000000002        1.0325564952040054        1.5411448353901580     
 -0.20000000000000001        1.3714213714072423        1.6807730395142459     
   0.0000000000000000        1.9990481407442526        1.9990481407442526     
  0.20000000000000001        2.9151965265878941        2.4649369023984806     
  0.40000000000000002        3.1655568812034041        3.0734691629777378     
  0.60000000000000009        2.8562996366415261        3.8590306031652952     
  0.80000000000000004        2.6519874949618121        4.9011446232652389     
   1.0000000000000000        2.6800674788253955        2.2664504485094303     
   1.2000000000000002        3.1519310467208794        1.3208427331340378     
   1.4000000000000001        4.4311414985213338       0.96098480906841743     
   1.6000000000000001        5.3634327729873554        1.8271393295408971     
   1.8000000000000000        6.8954207677191537        5.1354303898626235     
   2.0000000000000000        13.403984258290510        13.334742411888813     
 mode=           1   3.8000143097485228E-006
  -2.0000000000000000        2.0321755664706127        2.0816388096176173     
  -1.8000000000000000        2.0257675548031777        2.0657985117193833     
  -1.6000000000000001        2.0200888085512374        2.0516834163343285     
  -1.4000000000000001        2.0151181028252383        2.0392750197131209     
  -1.2000000000000002        2.0108249608628932        2.0285561786749926     
  -1.0000000000000000        2.0072085663208981        2.0195127432951203     
 -0.80000000000000004        2.0042667422881588        2.0121311078754891     
 -0.60000000000000009        2.0019834340413878        2.0064012041985149     
 -0.40000000000000002        2.0003559204411361        2.0023132361623386     
 -0.20000000000000001        1.9993695073326816        1.9998642105133349     
   0.0000000000000000        1.9990481407442526        1.9990481407442526     
  0.20000000000000001        1.9993727726997104        1.9998642105133349     
  0.40000000000000002        2.0003510223898195        2.0023132361623386     
  0.60000000000000009        2.0019812571302928        2.0064012041985149     
  0.80000000000000004        2.0042626605793727        2.0121311078754891     
   1.0000000000000000        2.0072080220933177        2.0195127432951203     
   1.2000000000000002        2.0108219676092678        2.0285564507891691     
   1.4000000000000001        2.0151156537999668        2.0392750197131209     
   1.6000000000000001        2.0200958835136489        2.0516834163343285     
   1.8000000000000000        2.0257784393617446        2.0657985117193833     
   2.0000000000000000        2.0321744780146784        2.0816388096176173     
 mode=           2   3.8000143097485228E-006
  -2.0000000000000000        5.9729323986981546        7.9100779449263312     
  -1.8000000000000000        5.8180592820230395        7.1543717600838637     
  -1.6000000000000001        4.8930973970964544        6.1164673429604797     
  -1.4000000000000001        4.0138297048430820        5.0787822496896338     
  -1.2000000000000002        2.8647618366005614        4.1168621186942458     
  -1.0000000000000000        3.1623758689994568        3.2986758472666970     
 -0.80000000000000004        2.6466891640267298        2.6777863474904926     
 -0.60000000000000009        2.2943521977286996        2.2776833128200749     
 -0.40000000000000002        2.0935239310920295        2.0752452199899549     
 -0.20000000000000001        2.0088045147021556        2.0058158870681186     
   0.0000000000000000        1.9990481407442526        1.9990481407442526     
  0.20000000000000001        2.0456261595624485        2.0250946169774364     
  0.40000000000000002        2.1664570033748065        2.1153901926557794     
  0.60000000000000009        2.4013748907038854        2.3405394608990506     
  0.80000000000000004        2.7842068522694641        2.7637885090923136     
   1.0000000000000000        2.4850170079221576        3.4056950027606772     
   1.2000000000000002        3.4651102698032972        4.2395267384897313     
   1.4000000000000001        4.0865529772625502        5.2078230438193840     
   1.6000000000000001        4.9673504942047932        6.2381782033224384     
   1.8000000000000000        5.8812939406219549        7.2516266503149991     
   2.0000000000000000        6.0281350695105900        7.7498264958115541     
 mode=           3   3.8000143097485228E-006
    0: fehler 1 (0x1).
    0: In mpi_utils.cpp [MPIGA_Error]: now exiting...

===================================================================================
=   BAD TERMINATION OF ONE OF YOUR APPLICATION PROCESSES
=   PID 114675 RUNNING AT b435
=   EXIT CODE: 1
=   CLEANING UP REMAINING PROCESSES
=   YOU CAN IGNORE THE BELOW CLEANUP MESSAGES
===================================================================================
 Couldn't find string 'SETTING MOLPRO_ENERGY' in qc.out
 QC failure
