 [Molden Format]
 [GEOMETRIES] XYZ
           3
           1  -1.4432707748295571E-004
N        -0.11636       -0.11636        1.05496
C         0.33271        0.33271        0.00000
N        -0.11636       -0.11636       -1.05496
           3
           2  -1.5060217246087859E-004
N        -0.11636       -0.11636        1.05497
C         0.33271        0.33271        0.00000
N        -0.11636       -0.11636       -1.05497
           3
           3  -4.9573211088858220E-004
N        -0.11636       -0.11636        1.05497
C         0.33271        0.33271        0.00000
N        -0.11636       -0.11636       -1.05497
           3
           4  -5.6475810214109859E-004
N        -0.11636       -0.11636        1.05498
C         0.33271        0.33271        0.00000
N        -0.11636       -0.11636       -1.05498
           3
           5  -1.1106909371833070E-003
N        -0.11636       -0.11636        1.05497
C         0.33272        0.33272        0.00000
N        -0.11636       -0.11636       -1.05497
           3
           6   3.7650534197780419E-005
N        -0.11636       -0.11636        1.05497
C         0.33272        0.33272        0.00000
N        -0.11636       -0.11636       -1.05497
