        0.00      0.00000000E+00
      100.00      4.85423969E+01
      200.00      1.05400304E+02
      300.00      1.30838644E+02
      400.00      2.17964355E+02
      500.00      2.73140951E+02
      600.00      3.31507853E+02
      700.00      3.79003417E+02
      800.00      4.69688361E+02
      900.00      4.38725446E+02
     1000.00      6.21682798E+02
     1100.00      6.20979813E+02
     1200.00      6.13424632E+02
     1300.00      7.97639878E+02
     1400.00      8.16841995E+02
     1500.00      8.55953295E+02
     1600.00      1.01443445E+03
     1700.00      1.03310847E+03
     1800.00      9.70980663E+02
     1900.00      1.13756707E+03
     2000.00      1.26438053E+03
     2100.00      1.23730087E+03
     2200.00      1.21169558E+03
     2300.00      1.46096385E+03
     2400.00      1.55203579E+03
     2500.00      1.65714679E+03
     2600.00      1.68057058E+03
     2700.00      1.80000553E+03
     2800.00      2.09111900E+03
     2900.00      2.32782528E+03
     3000.00      2.39652416E+03
     3100.00      2.45410068E+03
     3200.00      2.85940974E+03
     3300.00      3.01417286E+03
     3400.00      3.06651574E+03
     3500.00      3.41615043E+03
     3600.00      3.32635783E+03
     3700.00      3.66579389E+03
     3800.00      4.01858649E+03
     3900.00      4.09065474E+03
     4000.00      4.19723281E+03
     4100.00      4.36258591E+03
     4200.00      4.50912548E+03
     4300.00      4.94610197E+03
     4400.00      4.94209168E+03
     4500.00      5.30855685E+03
     4600.00      5.33611005E+03
     4700.00      5.75504623E+03
     4800.00      5.68735137E+03
     4900.00      6.11004615E+03
     5000.00      6.55921362E+03
     5100.00      6.86301168E+03
     5200.00      6.87653945E+03
     5300.00      7.17513702E+03
     5400.00      7.32725967E+03
     5500.00      8.32140335E+03
     5600.00      8.53265885E+03
     5700.00      8.70150542E+03
     5800.00      8.88602243E+03
     5900.00      9.39911441E+03
     6000.00      9.79887571E+03
     6100.00      1.04349610E+04
     6200.00      1.08360929E+04
     6300.00      1.06697943E+04
     6400.00      1.10926170E+04
     6500.00      1.20321137E+04
     6600.00      1.20291220E+04
     6700.00      1.23461591E+04
     6800.00      1.27842826E+04
     6900.00      1.31259491E+04
     7000.00      1.39584981E+04
     7100.00      1.41131206E+04
     7200.00      1.47819657E+04
     7300.00      1.48207671E+04
     7400.00      1.54969596E+04
     7500.00      1.59190373E+04
     7600.00      1.62139063E+04
     7700.00      1.75460033E+04
     7800.00      1.79210319E+04
     7900.00      1.79275342E+04
     8000.00      1.85404629E+04
     8100.00      1.86886386E+04
     8200.00      1.97392567E+04
     8300.00      2.11522388E+04
     8400.00      2.15123774E+04
     8500.00      2.16160619E+04
     8600.00      2.21534778E+04
     8700.00      2.28879051E+04
     8800.00      2.37718970E+04
     8900.00      2.42668935E+04
     9000.00      2.45502537E+04
     9100.00      2.55019736E+04
     9200.00      2.68699983E+04
     9300.00      2.65026540E+04
     9400.00      2.77874851E+04
     9500.00      2.81143343E+04
     9600.00      2.87289088E+04
     9700.00      2.98997845E+04
     9800.00      3.02457898E+04
     9900.00      3.12783326E+04
    10000.00      3.23319696E+04
    10100.00      3.29319355E+04
    10200.00      3.35156171E+04
    10300.00      3.39745156E+04
    10400.00      3.53439215E+04
    10500.00      3.64164154E+04
    10600.00      3.71702992E+04
    10700.00      3.77962048E+04
    10800.00      3.81402276E+04
    10900.00      3.94863051E+04
    11000.00      4.15439549E+04
    11100.00      4.19992455E+04
    11200.00      4.19249219E+04
    11300.00      4.34491881E+04
    11400.00      4.44276614E+04
    11500.00      4.55089421E+04
    11600.00      4.64063845E+04
    11700.00      4.72003686E+04
    11800.00      4.81792236E+04
    11900.00      5.03181627E+04
    12000.00      5.00415596E+04
    12100.00      5.14694548E+04
    12200.00      5.31637985E+04
    12300.00      5.38915398E+04
    12400.00      5.47741749E+04
    12500.00      5.53130123E+04
    12600.00      5.70276356E+04
    12700.00      5.81738575E+04
    12800.00      6.00847242E+04
    12900.00      6.11453151E+04
    13000.00      6.16216004E+04
    13100.00      6.31393347E+04
    13200.00      6.46424657E+04
    13300.00      6.56006429E+04
    13400.00      6.63349981E+04
    13500.00      6.70051643E+04
    13600.00      6.94933891E+04
    13700.00      7.21296760E+04
    13800.00      7.21178997E+04
    13900.00      7.35812533E+04
    14000.00      7.47730327E+04
    14100.00      7.65180052E+04
    14200.00      7.74380399E+04
    14300.00      7.89297138E+04
    14400.00      8.02886810E+04
    14500.00      8.23465139E+04
    14600.00      8.38323680E+04
    14700.00      8.42530625E+04
    14800.00      8.67506998E+04
    14900.00      8.86193655E+04
    15000.00      8.98393912E+04
    15100.00      9.16111811E+04
    15200.00      9.21840128E+04
    15300.00      9.36941658E+04
    15400.00      9.62509174E+04
    15500.00      9.79272477E+04
    15600.00      9.91023413E+04
    15700.00      9.96694811E+04
    15800.00      1.03170762E+05
    15900.00      1.05125712E+05
    16000.00      1.06238718E+05
    16100.00      1.07320380E+05
    16200.00      1.08805519E+05
    16300.00      1.10686191E+05
    16400.00      1.14460222E+05
    16500.00      1.14502752E+05
    16600.00      1.16553544E+05
    16700.00      1.19040925E+05
    16800.00      1.21100426E+05
    16900.00      1.22267069E+05
    17000.00      1.24422060E+05
    17100.00      1.26191142E+05
    17200.00      1.28835114E+05
    17300.00      1.31005973E+05
    17400.00      1.32421060E+05
    17500.00      1.34353316E+05
    17600.00      1.36960749E+05
    17700.00      1.38584172E+05
    17800.00      1.40050240E+05
    17900.00      1.41866805E+05
    18000.00      1.43848355E+05
    18100.00      1.48352771E+05
    18200.00      1.50441346E+05
    18300.00      1.50363075E+05
    18400.00      1.53401410E+05
    18500.00      1.55937328E+05
    18600.00      1.59027383E+05
    18700.00      1.59872196E+05
    18800.00      1.61941367E+05
    18900.00      1.63773713E+05
    19000.00      1.67238842E+05
    19100.00      1.70228804E+05
    19200.00      1.71839688E+05
    19300.00      1.74714416E+05
    19400.00      1.78319482E+05
    19500.00      1.80216335E+05
    19600.00      1.82412239E+05
    19700.00      1.84205923E+05
    19800.00      1.86106792E+05
    19900.00      1.89786790E+05
    20000.00      1.91979891E+05
    20100.00      1.94598241E+05
    20200.00      1.95455789E+05
    20300.00      2.01863804E+05
    20400.00      2.04089953E+05
    20500.00      2.04910553E+05
    20600.00      2.07593709E+05
    20700.00      2.10126043E+05
    20800.00      2.14021776E+05
    20900.00      2.17780141E+05
    21000.00      2.17316190E+05
    21100.00      2.21553254E+05
    21200.00      2.24932243E+05
    21300.00      2.28320161E+05
    21400.00      2.29925619E+05
    21500.00      2.33397291E+05
    21600.00      2.35790364E+05
    21700.00      2.39811076E+05
    21800.00      2.43535488E+05
    21900.00      2.45955059E+05
    22000.00      2.49334301E+05
    22100.00      2.52625577E+05
    22200.00      2.54877532E+05
    22300.00      2.57480899E+05
    22400.00      2.59692476E+05
    22500.00      2.63154985E+05
    22600.00      2.69009343E+05
    22700.00      2.70981079E+05
    22800.00      2.73786115E+05
    22900.00      2.76760670E+05
    23000.00      2.81761293E+05
    23100.00      2.86113043E+05
    23200.00      2.86269442E+05
    23300.00      2.90850322E+05
    23400.00      2.92412313E+05
    23500.00      2.97945991E+05
    23600.00      3.01036313E+05
    23700.00      3.03075645E+05
    23800.00      3.08494998E+05
    23900.00      3.12680768E+05
    24000.00      3.15919754E+05
    24100.00      3.18848186E+05
    24200.00      3.22358910E+05
    24300.00      3.26190216E+05
    24400.00      3.29609473E+05
    24500.00      3.33428330E+05
    24600.00      3.37648470E+05
    24700.00      3.39704900E+05
    24800.00      3.47144809E+05
    24900.00      3.49635258E+05
    25000.00      3.53016778E+05
    25100.00      3.55197682E+05
    25200.00      3.59600628E+05
    25300.00      3.64937477E+05
    25400.00      3.69113048E+05
    25500.00      3.71386662E+05
    25600.00      3.75467180E+05
    25700.00      3.81256901E+05
    25800.00      3.87075642E+05
    25900.00      3.87372145E+05
    26000.00      3.93589248E+05
    26100.00      3.96285385E+05
    26200.00      4.01140833E+05
    26300.00      4.06555535E+05
    26400.00      4.08872966E+05
    26500.00      4.14999029E+05
    26600.00      4.18386314E+05
    26700.00      4.22393581E+05
    26800.00      4.26371722E+05
    26900.00      4.30518925E+05
    27000.00      4.35667581E+05
    27100.00      4.42503317E+05
    27200.00      4.44973558E+05
    27300.00      4.49843498E+05
    27400.00      4.54292195E+05
    27500.00      4.59899864E+05
    27600.00      4.64356714E+05
    27700.00      4.67223585E+05
    27800.00      4.71783279E+05
    27900.00      4.76124174E+05
    28000.00      4.82768619E+05
    28100.00      4.86282390E+05
    28200.00      4.90596550E+05
    28300.00      4.97874435E+05
    28400.00      5.03218859E+05
    28500.00      5.09472614E+05
    28600.00      5.11466738E+05
    28700.00      5.16233421E+05
    28800.00      5.21144165E+05
    28900.00      5.25500066E+05
    29000.00      5.31633764E+05
    29100.00      5.36390987E+05
    29200.00      5.39862794E+05
    29300.00      5.49447413E+05
    29400.00      5.52227575E+05
    29500.00      5.58077930E+05
    29600.00      5.61693833E+05
    29700.00      5.67939054E+05
    29800.00      5.74452248E+05
    29900.00      5.79323369E+05
    30000.00      5.82960487E+05
    30100.00      5.89969400E+05
    30200.00      5.95578710E+05
    30300.00      6.02757288E+05
    30400.00      6.04969219E+05
    30500.00      6.12321382E+05
    30600.00      6.16875637E+05
    30700.00      6.23549353E+05
    30800.00      6.29162203E+05
    30900.00      6.33860024E+05
    31000.00      6.42263391E+05
    31100.00      6.44841020E+05
    31200.00      6.53582398E+05
    31300.00      6.57930410E+05
    31400.00      6.62325824E+05
    31500.00      6.69706125E+05
    31600.00      6.76677528E+05
    31700.00      6.80858505E+05
    31800.00      6.87795969E+05
    31900.00      6.92945441E+05
    32000.00      7.02349776E+05
    32100.00      7.06129153E+05
    32200.00      7.10508480E+05
    32300.00      7.17175372E+05
    32400.00      7.24271489E+05
    32500.00      7.31585844E+05
    32600.00      7.35860319E+05
    32700.00      7.41959266E+05
    32800.00      7.51676979E+05
    32900.00      7.58877222E+05
    33000.00      7.65568451E+05
    33100.00      7.69279111E+05
    33200.00      7.75467023E+05
    33300.00      7.80982965E+05
    33400.00      7.88020887E+05
    33500.00      7.96260218E+05
    33600.00      8.01869594E+05
    33700.00      8.08644236E+05
    33800.00      8.17197627E+05
    33900.00      8.23174383E+05
    34000.00      8.32010560E+05
    34100.00      8.35390830E+05
    34200.00      8.44291022E+05
    34300.00      8.49628572E+05
    34400.00      8.56680240E+05
    34500.00      8.62544570E+05
    34600.00      8.71398036E+05
    34700.00      8.79529507E+05
    34800.00      8.87165319E+05
    34900.00      8.90908573E+05
    35000.00      9.00051621E+05
    35100.00      9.07405185E+05
    35200.00      9.16362117E+05
    35300.00      9.21903869E+05
    35400.00      9.27935139E+05
    35500.00      9.39558695E+05
    35600.00      9.43453457E+05
    35700.00      9.53367535E+05
    35800.00      9.58622296E+05
    35900.00      9.65651088E+05
    36000.00      9.72547997E+05
    36100.00      9.83060578E+05
    36200.00      9.90452707E+05
    36300.00      9.98345981E+05
    36400.00      1.00539596E+06
    36500.00      1.01371605E+06
    36600.00      1.02130973E+06
    36700.00      1.02997410E+06
    36800.00      1.03714962E+06
    36900.00      1.04521770E+06
    37000.00      1.05266766E+06
    37100.00      1.05831301E+06
    37200.00      1.06745811E+06
    37300.00      1.07763772E+06
    37400.00      1.08792855E+06
    37500.00      1.09479070E+06
    37600.00      1.10055997E+06
    37700.00      1.10981833E+06
    37800.00      1.11827403E+06
    37900.00      1.12608304E+06
    38000.00      1.13684022E+06
    38100.00      1.14231422E+06
    38200.00      1.15215670E+06
    38300.00      1.16362908E+06
    38400.00      1.17129567E+06
    38500.00      1.17960856E+06
    38600.00      1.18543405E+06
    38700.00      1.19381553E+06
    38800.00      1.20369656E+06
    38900.00      1.21330442E+06
    39000.00      1.22147986E+06
    39100.00      1.23045849E+06
    39200.00      1.23887190E+06
    39300.00      1.24986370E+06
    39400.00      1.25860636E+06
    39500.00      1.26877743E+06
    39600.00      1.27668519E+06
    39700.00      1.28541560E+06
    39800.00      1.29260822E+06
    39900.00      1.30337969E+06
    40000.00      1.31630003E+06
    40100.00      1.32007764E+06
    40200.00      1.33386708E+06
    40300.00      1.33870410E+06
    40400.00      1.35000196E+06
    40500.00      1.35983679E+06
    40600.00      1.37101518E+06
    40700.00      1.37982570E+06
    40800.00      1.38890217E+06
    40900.00      1.39764512E+06
    41000.00      1.41035989E+06
    41100.00      1.41856991E+06
    41200.00      1.42927994E+06
    41300.00      1.43738844E+06
    41400.00      1.44631271E+06
    41500.00      1.45722830E+06
    41600.00      1.46656711E+06
    41700.00      1.47770408E+06
    41800.00      1.48914484E+06
    41900.00      1.49988922E+06
    42000.00      1.50723722E+06
    42100.00      1.51962892E+06
    42200.00      1.53187034E+06
    42300.00      1.53863254E+06
    42400.00      1.54785635E+06
    42500.00      1.55969653E+06
    42600.00      1.56827735E+06
    42700.00      1.58142561E+06
    42800.00      1.59117476E+06
    42900.00      1.60613084E+06
    43000.00      1.61336594E+06
    43100.00      1.62187433E+06
    43200.00      1.63308399E+06
    43300.00      1.64570037E+06
    43400.00      1.65691993E+06
    43500.00      1.66613742E+06
    43600.00      1.67667947E+06
    43700.00      1.68787540E+06
    43800.00      1.70274437E+06
    43900.00      1.71205128E+06
    44000.00      1.72364268E+06
    44100.00      1.73217481E+06
    44200.00      1.74271882E+06
    44300.00      1.75378079E+06
    44400.00      1.76884403E+06
    44500.00      1.78084438E+06
    44600.00      1.78667932E+06
    44700.00      1.80225955E+06
    44800.00      1.81131969E+06
    44900.00      1.82705512E+06
    45000.00      1.83626723E+06
    45100.00      1.85052211E+06
    45200.00      1.85851322E+06
    45300.00      1.87042299E+06
    45400.00      1.88226304E+06
    45500.00      1.89563892E+06
    45600.00      1.90879877E+06
    45700.00      1.91951319E+06
    45800.00      1.93024334E+06
    45900.00      1.94091266E+06
    46000.00      1.95564939E+06
    46100.00      1.96811738E+06
    46200.00      1.97891915E+06
    46300.00      1.99092920E+06
    46400.00      2.00501227E+06
    46500.00      2.01696106E+06
    46600.00      2.03099463E+06
    46700.00      2.04350004E+06
    46800.00      2.05243153E+06
    46900.00      2.06375921E+06
    47000.00      2.07886266E+06
    47100.00      2.09184385E+06
    47200.00      2.10585851E+06
    47300.00      2.11594949E+06
    47400.00      2.13185192E+06
    47500.00      2.14437916E+06
    47600.00      2.15713230E+06
    47700.00      2.17031087E+06
    47800.00      2.18263149E+06
    47900.00      2.19501093E+06
    48000.00      2.20647476E+06
    48100.00      2.22163759E+06
    48200.00      2.23042703E+06
    48300.00      2.25193199E+06
    48400.00      2.26006334E+06
    48500.00      2.27397249E+06
    48600.00      2.28603746E+06
    48700.00      2.30159948E+06
    48800.00      2.31387845E+06
    48900.00      2.33151880E+06
    49000.00      2.34271177E+06
    49100.00      2.35033601E+06
    49200.00      2.37133952E+06
    49300.00      2.38335039E+06
    49400.00      2.39833315E+06
    49500.00      2.40964877E+06
    49600.00      2.42583466E+06
    49700.00      2.43896322E+06
    49800.00      2.45295648E+06
    49900.00      2.46614801E+06
    50000.00      2.47982331E+06
