 [Molden Format]
 [GEOMETRIES] XYZ
           3
           1 -0.59170333645209472     
N         0.25161       -0.28742        0.00000
N         1.30052        0.16625       -0.00000
O        -1.37262        0.09930        0.00000
           3
           2 -0.29853113166818734     
N         0.25325       -0.28461        0.00000
N         1.29781        0.16423       -0.00000
O        -1.37154        0.09850        0.00000
           3
           3  -2.7924150358158784E-003
N         0.25355       -0.28367        0.00000
N         1.29795        0.16362       -0.00000
O        -1.37198        0.09817        0.00000
           3
           4  -4.2670611963606576E-004
N         0.25356       -0.28299       -0.00000
N         1.29846        0.16321       -0.00000
O        -1.37251        0.09789        0.00000
           3
           5  -1.0667652545029682E-004
N         0.25380       -0.27893       -0.00000
N         1.30125        0.16078        0.00000
O        -1.37553        0.09627        0.00000
           3
           6  -6.6704206824080075E-003
N         0.25786       -0.20431       -0.00000
N         1.35183        0.11601        0.00000
O        -1.43018        0.06642       -0.00000
           3
           7  -2.1982142277209702     
N         0.27163       -0.19385       -0.00000
N         1.33046        0.10794        0.00000
O        -1.42257        0.06403       -0.00000
           3
           8  -2.2074135096641401     
N         0.25999       -0.20112       -0.00000
N         1.34932        0.11381        0.00000
O        -1.42979        0.06544       -0.00000
           3
           9  -2.2020106571685192     
N         0.26108       -0.20104       -0.00000
N         1.34902        0.11364        0.00000
O        -1.43058        0.06551       -0.00000
           3
          10  -2.5682625601019615     
N         0.25522       -0.19890       -0.00000
N         1.34907        0.11290        0.00000
O        -1.42477        0.06411       -0.00000
           3
          11   3.7819967433675689E-002
N         0.25539       -0.19886       -0.00000
N         1.34893        0.11286        0.00000
O        -1.42480        0.06411       -0.00000
           3
          12  -7.0908516178917584E-004
N         0.25646       -0.19803       -0.00000
N         1.34728        0.11223        0.00000
O        -1.42421        0.06392       -0.00000
           3
          13  -6.5260936049250516E-004
N         0.25668       -0.19770       -0.00000
N         1.34696        0.11201        0.00000
O        -1.42413        0.06382       -0.00000
           3
          14   7.3669556542413379E-003
N         0.25670       -0.19754       -0.00000
N         1.34704        0.11191        0.00000
O        -1.42423        0.06375       -0.00000
           3
          15  -1.5687724960392302E-004
N         0.25670       -0.19728       -0.00000
N         1.34717        0.11175        0.00000
O        -1.42436        0.06365       -0.00000
           3
          16  -1.8825267098890209E-005
N         0.25673       -0.19666       -0.00000
N         1.34743        0.11138        0.00000
O        -1.42464        0.06340       -0.00000
           3
          17  -1.2550179254918704E-004
N         0.25670       -0.19545       -0.00000
N         1.34809        0.11066        0.00000
O        -1.42527        0.06291       -0.00000
           3
          18  -6.1495882629472478E-004
N         0.25680       -0.19510       -0.00000
N         1.34806        0.11043        0.00000
O        -1.42534        0.06278       -0.00000
           3
          19  -6.7143462759139535E-004
N         0.25676       -0.19497       -0.00000
N         1.34821        0.11036        0.00000
O        -1.42545        0.06273       -0.00000
           3
          20  -1.0291147559749448E-003
N         0.25676       -0.19481       -0.00000
N         1.34828        0.11027        0.00000
O        -1.42552        0.06266       -0.00000
           3
          21   4.3925629175703308E-005
N         0.25759       -0.16245        0.00000
N         1.36245        0.09081       -0.00000
O        -1.44052        0.04977        0.00000
           3
          22 -0.34329134861863342     
N         0.26300       -0.15872        0.00000
N         1.35367        0.08801       -0.00000
O        -1.43716        0.04883        0.00000
           3
          23 -0.34639124309434899     
N         0.25790       -0.16144        0.00000
N         1.36227        0.09017       -0.00000
O        -1.44065        0.04940        0.00000
           3
          24 -0.34644144380066777     
N         0.25768       -0.16133        0.00000
N         1.36225        0.09011       -0.00000
O        -1.44041        0.04933        0.00000
           3
          25 -0.23916878026111596     
N         0.25714       -0.16120        0.00000
N         1.36225        0.09007       -0.00000
O        -1.43987        0.04924        0.00000
           3
          26   6.0240863633887897E-004
N         0.25717       -0.16118        0.00000
N         1.36221        0.09006       -0.00000
O        -1.43986        0.04924        0.00000
           3
          27  -1.2550189955845782E-005
N         0.25737       -0.16104        0.00000
N         1.36188        0.08995       -0.00000
O        -1.43973        0.04920        0.00000
           3
          28  -1.2550179254918704E-004
N         0.25737       -0.16100        0.00000
N         1.36189        0.08993       -0.00000
O        -1.43974        0.04919        0.00000
           3
          29  -1.3177690536198838E-004
N         0.25737       -0.16096        0.00000
N         1.36190        0.08991       -0.00000
O        -1.43976        0.04917        0.00000
           3
          30   1.5060215462600013E-004
N         0.25737       -0.16090        0.00000
N         1.36193        0.08987       -0.00000
O        -1.43978        0.04915        0.00000
           3
          31   7.5301068395560838E-005
N         0.25738       -0.16004        0.00000
N         1.36225        0.08935       -0.00000
O        -1.44011        0.04880       -0.00000
           3
          32  -2.3845341297740674E-004
N         0.25751       -0.15936        0.00000
N         1.36226        0.08894       -0.00000
O        -1.44025        0.04855        0.00000
           3
          33  -3.7650541331731805E-004
N         0.25739       -0.15940        0.00000
N         1.36247        0.08897       -0.00000
O        -1.44034        0.04855        0.00000
           3
          34  -4.6435665383384619E-004
N         0.25739       -0.15937        0.00000
N         1.36248        0.08895       -0.00000
O        -1.44035        0.04854        0.00000
           3
          35   3.8905556760340690E-004
N         0.25740       -0.15933        0.00000
N         1.36249        0.08893       -0.00000
O        -1.44037        0.04852        0.00000
           3
          36  -6.2750949779228908E-006
N         0.25740       -0.15927        0.00000
N         1.36251        0.08889       -0.00000
O        -1.44039        0.04850        0.00000
           3
          37   6.2750949779228908E-006
N         0.25740       -0.15914        0.00000
N         1.36255        0.08881       -0.00000
O        -1.44043        0.04845        0.00000
           3
          38  -6.2750949779228908E-006
N         0.25740       -0.15909        0.00000
N         1.36258        0.08878       -0.00000
O        -1.44046        0.04843        0.00000
           3
          39   0.0000000000000000     
N         0.25740       -0.15903        0.00000
N         1.36259        0.08875       -0.00000
O        -1.44047        0.04840        0.00000
           3
          40  -6.2750771430444278E-006
N         0.25740       -0.15898        0.00000
N         1.36262        0.08872       -0.00000
O        -1.44050        0.04838        0.00000
           3
          41   0.0000000000000000     
N         0.25740       -0.15893        0.00000
N         1.36263        0.08868       -0.00000
O        -1.44051        0.04836        0.00000
           3
          42  -6.2750949779228908E-006
N         0.25740       -0.15888        0.00000
N         1.36265        0.08865       -0.00000
O        -1.44054        0.04834        0.00000
           3
          43   0.0000000000000000     
N         0.25740       -0.15882        0.00000
N         1.36267        0.08862       -0.00000
O        -1.44055        0.04832        0.00000
           3
          44   0.0000000000000000     
N         0.25740       -0.15877        0.00000
N         1.36269        0.08859       -0.00000
O        -1.44057        0.04830        0.00000
           3
          45   0.0000000000000000     
N         0.25741       -0.15872        0.00000
N         1.36270        0.08856       -0.00000
O        -1.44059        0.04828        0.00000
           3
          46   0.0000000000000000     
N         0.25740       -0.15867        0.00000
N         1.36273        0.08853       -0.00000
O        -1.44061        0.04826        0.00000
           3
          47   0.0000000000000000     
N         0.25741       -0.15862        0.00000
N         1.36274        0.08850       -0.00000
O        -1.44063        0.04824        0.00000
           3
          48  -6.2750771430444278E-006
N         0.25740       -0.15857        0.00000
N         1.36276        0.08847       -0.00000
O        -1.44065        0.04822        0.00000
           3
          49   0.0000000000000000     
N         0.25741       -0.15851        0.00000
N         1.36278        0.08844       -0.00000
O        -1.44067        0.04820        0.00000
           3
          50   0.0000000000000000     
N         0.25741       -0.15847        0.00000
N         1.36280        0.08841       -0.00000
O        -1.44069        0.04818        0.00000
           3
          51   0.0000000000000000     
N         0.25741       -0.15841        0.00000
N         1.36281        0.08838       -0.00000
O        -1.44070        0.04816        0.00000
           3
          52   0.0000000000000000     
N         0.25741       -0.15837        0.00000
N         1.36283        0.08835       -0.00000
O        -1.44072        0.04814        0.00000
           3
          53  -6.2750949779228908E-006
N         0.25741       -0.15831        0.00000
N         1.36285        0.08832       -0.00000
O        -1.44074        0.04812        0.00000
           3
          54   0.0000000000000000     
N         0.25741       -0.15827        0.00000
N         1.36287        0.08829       -0.00000
O        -1.44076        0.04810        0.00000
           3
          55   0.0000000000000000     
N         0.25741       -0.15822        0.00000
N         1.36288        0.08826       -0.00000
O        -1.44078        0.04808        0.00000
           3
          56  -6.2750949779228908E-006
N         0.25741       -0.15817        0.00000
N         1.36290        0.08823       -0.00000
O        -1.44080        0.04806        0.00000
           3
          57   6.2750771430444278E-006
N         0.25741       -0.15812        0.00000
N         1.36292        0.08820       -0.00000
O        -1.44081        0.04804        0.00000
           3
          58  -6.2750949779228908E-006
N         0.25741       -0.15807        0.00000
N         1.36294        0.08817       -0.00000
O        -1.44083        0.04802        0.00000
           3
          59   0.0000000000000000     
N         0.25742       -0.15802        0.00000
N         1.36295        0.08814       -0.00000
O        -1.44085        0.04800        0.00000
           3
          60   0.0000000000000000     
N         0.25741       -0.15798        0.00000
N         1.36297        0.08811       -0.00000
O        -1.44087        0.04798        0.00000
           3
          61  -6.2750949779228908E-006
N         0.25742       -0.15793        0.00000
N         1.36298        0.08808       -0.00000
O        -1.44088        0.04796        0.00000
           3
          62   0.0000000000000000     
N         0.25741       -0.15788        0.00000
N         1.36300        0.08806       -0.00000
O        -1.44090        0.04795        0.00000
           3
          63   0.0000000000000000     
N         0.25742       -0.15783        0.00000
N         1.36302        0.08803       -0.00000
O        -1.44092        0.04793        0.00000
           3
          64   0.0000000000000000     
N         0.25742       -0.15779        0.00000
N         1.36304        0.08800       -0.00000
O        -1.44094        0.04791        0.00000
